48 104
81 169
83 226
95 163
96 130
140 115
70 32
42 53
42 105
48 114
61 139
39 160
80 243
75 234
65 129
81 138
89 142
125 203
124 200
92 165
100 127
96 133
104 80
111 69
132 120
42 58
42 64
45 57
47 53
83 31
84 34
69 35
65 42
60 39
79 82
78 134
76 130
66 133
51 130
51 102
36 68
34 73
48 100
71 139
54 149
69 152
63 154
24 160
30 168
62 194
54 156
59 155
78 160
76 242
81 242
79 220
80 157
81 153
78 141
72 140
72 136
77 140
94 167
95 168
94 182
92 184
94 200
94 207
94 238
97 217
96 185
99 186
101 189
128 229
102 214
108 192
113 183
100 181
99 167
102 170
107 170
116 133
111 133
109 128
104 155
100 157
90 163
89 132
93 141
99 142
93 125
88 125
91 87
94 35
104 84
108 55
112 79
139 113
135 109
131 103
43 54
42 56
41 62
40 66
38 71
39 82
42 80
43 78
43 76
45 79
46 77
44 70
46 68
45 60
45 52
45 51
45 48
46 46
59 37
61 38
70 36
70 39
72 33
82 30
79 35
79 37
75 36
61 43
66 40
58 44
53 44
52 53
50 52
51 50
48 44
48 49
48 65
58 114
59 124
60 113
63 118
65 119
79 84
70 119
70 120
68 121
68 125
70 127
80 129
78 131
68 131
64 132
60 129
55 127
58 131
54 132
46 122
48 121
53 114
48 108
51 106
50 96
45 87
45 98
43 104
41 92
43 86
34 83
36 90
36 92
37 93
43 94
43 108
40 107
39 95
56 138
56 139
58 134
58 137
61 138
62 140
64 143
61 146
59 144
57 151
59 147
57 159
47 159
42 151
32 158
39 152
28 148
29 153
28 156
30 162
40 162
30 164
35 165
33 166
33 167
34 172
37 169
45 165
55 203
59 206
60 207
65 207
60 205
60 203
50 200
52 198
59 195
60 162
74 164
79 190
73 193
77 194
67 198
65 208
79 241
76 238
78 219
80 231
81 237
84 241
81 230
82 223
84 190
81 222
79 164
82 166
84 164
82 151
80 163
79 147
76 159
72 156
71 159
68 150
73 150
74 149
73 145
69 143
68 137
71 133
74 143
74 132
76 146
83 141
77 136
77 135
88 176
89 173
89 182
90 177
92 166
99 164
99 173
96 180
91 180
97 184
96 187
96 189
96 191
92 194
94 186
87 188
85 195
90 196
95 196
95 203
94 220
87 223
88 226
86 242
89 241
88 232
90 231
96 232
96 236
97 234
97 223
96 222
99 207
96 215
99 205
99 200
100 203
104 199
114 199
119 200
116 201
100 204
102 224
115 204
110 203
108 202
120 221
125 221
132 226
127 222
130 221
130 207
123 208
124 205
125 204
128 202
115 197
112 194
112 188
111 187
110 196
108 193
103 193
105 181
109 186
107 179
100 174
101 169
104 167
105 168
109 164
108 176
111 171
112 170
111 169
118 134
115 129
119 128
127 120
133 117
128 117
127 114
124 115
124 118
112 136
113 131
103 125
104 126
108 131
105 157
108 160
107 162
105 163
100 163
98 161
98 150
91 159
88 150
85 158
85 157
86 153
86 146
88 145
94 144
89 144
86 139
90 129
91 139
94 126
95 127
98 141
96 139
98 137
105 52
101 87
101 50
99 90
99 89
94 89
91 88
93 86
99 84
99 44
95 39
87 30
89 34
92 33
101 38
100 43
106 48
106 42
104 41
107 47
111 48
110 52
107 53
107 76
106 78
109 80
109 75
109 57
128 111
123 112
129 113
138 111
132 107
131 104
115 64
112 59
113 55
114 57
35 66
35 69
37 64
38 61
40 57
40 60
39 63
38 65
38 67
41 77
40 69
40 75
39 70
38 76
39 73
36 72
37 74
35 75
36 77
38 78
35 79
37 80
34 81
34 82
36 89
35 87
38 84
39 88
38 94
40 91
41 90
40 87
39 85
38 86
39 83
39 81
40 79
41 72
42 74
44 83
43 84
41 89
42 93
44 95
44 88
44 85
45 91
46 92
47 93
46 90
46 89
44 82
44 81
44 73
45 75
46 72
47 64
46 62
45 69
45 66
43 71
41 68
43 67
43 65
44 63
43 61
41 59
41 55
45 47
46 59
46 50
46 55
48 61
47 58
47 56
65 32
62 33
59 34
64 34
59 35
56 38
64 37
60 36
64 35
65 36
66 38
71 38
69 37
69 34
74 34
67 33
68 31
72 30
73 31
75 32
77 29
77 30
77 33
78 31
80 32
85 32
82 33
79 34
84 35
85 36
86 38
85 39
84 37
81 38
80 36
74 35
74 37
76 38
55 39
56 40
61 40
63 41
65 39
75 39
80 39
71 40
68 41
80 83
84 84
86 88
83 86
82 85
60 42
58 41
56 43
56 45
56 46
51 55
53 49
55 48
55 47
55 42
53 41
51 43
51 45
51 46
50 47
50 42
50 48
50 51
48 54
50 57
50 60
49 63
48 67
48 94
56 106
58 108
57 110
57 115
55 117
55 119
55 123
56 122
58 118
60 123
61 122
58 121
60 120
60 119
60 117
59 112
59 111
60 116
62 115
63 121
65 116
65 117
65 120
68 118
73 121
71 122
66 122
76 122
80 123
79 124
75 123
74 124
73 125
70 123
65 123
69 124
64 124
74 126
75 127
78 125
79 126
83 125
84 126
85 127
84 128
80 127
79 128
85 129
84 132
83 131
81 130
76 133
79 132
74 128
75 129
73 131
69 132
71 130
66 130
70 129
69 128
69 126
64 126
65 127
64 128
60 127
63 125
58 125
59 126
59 128
56 130
61 130
63 131
61 133
59 132
55 129
54 128
54 126
54 124
53 131
50 127
49 126
50 123
53 125
51 122
50 120
50 119
50 117
50 116
52 115
53 121
55 120
53 118
55 116
55 113
54 112
54 111
55 109
55 107
54 103
53 100
53 104
53 108
52 101
52 99
50 97
50 98
52 105
50 107
50 109
52 110
50 113
49 112
47 105
49 103
44 103
46 102
47 101
49 95
45 96
45 97
47 99
42 99
40 96
40 97
40 98
37 99
38 100
43 100
42 101
41 102
39 103
41 106
42 110
44 111
44 112
45 107
46 106
49 111
47 110
45 109
45 113
47 115
49 124
48 118
48 125
45 117
45 116
43 114
45 119
45 120
53 134
30 149
26 150
38 150
30 151
27 152
41 153
54 152
43 150
58 150
56 148
56 146
58 145
58 141
57 140
56 133
57 136
57 135
59 142
59 143
62 135
62 136
63 134
63 137
66 138
64 142
63 141
63 145
64 144
64 147
64 149
64 152
62 151
63 150
61 148
59 149
59 152
53 154
54 155
56 153
58 154
61 153
66 153
64 155
59 156
59 157
54 157
57 158
58 160
58 161
53 160
53 161
52 158
52 159
48 160
48 161
41 161
36 161
34 160
35 159
39 157
39 155
38 156
34 157
37 158
29 157
30 154
25 154
28 155
27 158
25 159
30 159
31 161
29 160
26 161
23 163
25 162
28 163
33 163
35 162
45 162
53 163
50 162
43 163
48 163
50 164
45 164
40 164
40 165
35 164
38 163
25 164
30 165
25 165
38 166
48 166
38 167
49 167
32 169
34 170
35 173
35 171
35 168
52 199
52 201
53 202
53 197
53 171
53 169
51 170
49 168
50 165
53 166
57 199
55 200
57 201
58 202
55 204
55 205
55 212
55 211
57 209
60 204
60 208
64 206
65 205
65 204
65 203
63 202
60 200
62 201
65 200
64 195
63 197
62 199
62 198
58 197
57 198
56 196
57 194
61 196
54 168
54 167
55 165
55 164
55 162
57 192
57 193
63 193
58 166
58 163
73 160
73 161
74 190
75 163
77 162
78 161
80 168
79 167
77 165
78 192
78 193
76 191
73 192
72 194
71 191
68 192
68 193
67 194
69 195
66 196
68 197
67 199
67 201
73 229
73 236
73 233
76 222
76 235
76 237
79 240
78 239
78 236
78 233
78 232
77 223
78 221
78 218
82 224
82 228
83 232
83 233
80 234
81 235
83 239
81 238
83 236
84 240
83 244
85 243
85 234
85 231
84 227
84 225
83 221
83 219
84 220
86 189
85 196
83 218
83 216
82 217
82 194
81 191
83 193
83 192
82 170
82 165
81 159
82 162
83 161
83 160
84 167
86 175
85 168
85 163
86 159
82 156
84 155
83 154
84 152
86 148
84 147
84 149
83 150
79 149
81 148
78 150
77 151
79 152
76 153
78 154
80 158
79 155
77 156
75 158
75 157
74 155
73 154
70 158
70 157
67 156
68 154
69 155
71 153
67 151
66 148
69 149
69 147
71 148
72 151
74 152
76 148
74 147
74 144
74 142
73 141
71 146
68 145
66 146
68 141
69 144
69 142
67 140
66 139
67 136
67 135
68 134
72 135
71 138
76 138
73 137
73 134
81 133
78 137
76 139
81 139
79 142
78 145
81 146
79 144
79 143
82 140
83 145
84 144
84 143
84 142
83 137
82 136
82 135
83 134
86 133
86 169
87 170
86 171
91 171
87 172
88 178
90 181
91 175
90 174
91 185
93 183
92 179
93 178
94 173
93 176
91 169
92 172
92 170
95 174
96 169
96 171
96 175
97 170
101 171
101 175
98 176
97 172
100 177
101 180
102 184
101 185
99 182
98 183
98 178
95 177
97 179
95 181
94 190
97 188
97 194
98 192
99 190
101 187
101 191
100 195
98 193
100 196
100 197
101 201
99 199
98 202
96 201
97 198
95 195
95 197
95 204
93 206
94 205
93 202
94 199
93 193
93 192
91 187
92 188
92 198
91 191
91 189
89 186
89 190
86 191
88 192
88 193
90 195
90 197
87 194
86 215
87 214
91 212
91 213
92 210
93 211
93 216
92 214
91 215
92 217
93 218
93 219
91 222
89 220
88 218
88 216
87 217
88 219
88 221
86 222
87 224
89 225
89 227
86 229
86 230
88 244
90 243
87 228
91 230
91 242
93 240
93 235
93 233
92 228
91 229
92 224
92 223
93 226
93 221
97 224
94 225
94 227
95 231
94 237
95 239
96 230
96 229
97 228
98 233
100 231
101 229
99 227
99 225
98 226
98 221
101 222
102 223
102 217
101 215
101 213
99 220
98 219
98 218
96 213
97 214
98 216
98 211
96 212
95 209
95 208
97 210
98 206
100 209
101 212
102 210
100 208
104 205
105 204
109 205
110 204
115 203
120 203
120 204
119 205
114 205
127 212
127 213
125 206
125 207
124 211
125 209
120 206
103 206
104 207
124 218
121 219
121 220
122 222
122 225
122 226
124 230
123 228
123 223
124 227
125 232
127 234
127 233
127 226
127 225
124 224
125 216
126 220
126 219
131 219
131 220
128 223
129 224
128 228
128 231
129 230
129 227
132 225
133 223
134 224
137 226
137 225
139 224
138 223
132 222
135 221
136 220
137 222
136 219
135 216
134 218
134 217
129 218
129 217
128 215
130 216
133 215
129 214
129 211
128 210
128 208
129 205
130 206
130 209
134 214
132 213
132 212
123 202
118 202
126 201
121 201
119 199
117 198
117 194
115 195
115 196
113 192
114 190
111 189
111 191
113 193
110 195
112 198
114 200
113 202
111 201
110 197
109 200
109 199
107 198
105 203
103 202
102 198
104 200
106 201
105 197
105 196
102 194
103 192
104 190
106 191
105 195
107 194
109 190
106 189
107 184
106 187
106 185
106 180
104 186
102 188
102 179
103 183
104 182
105 177
103 178
102 172
103 176
104 173
105 174
106 175
107 172
106 171
106 169
109 173
110 174
111 175
110 177
108 178
107 188
108 183
109 182
110 181
111 180
111 185
114 186
112 184
114 182
113 178
112 179
112 172
113 176
114 173
112 166
112 165
110 168
110 163
109 167
107 166
106 159
107 165
108 161
105 158
107 156
107 136
107 135
108 134
112 135
117 136
117 135
113 134
119 132
114 132
118 131
116 130
120 127
117 126
115 127
114 128
111 130
110 127
109 126
108 125
105 127
104 128
105 129
110 129
109 132
106 130
106 133
101 148
101 146
102 136
102 135
103 134
104 132
101 130
103 131
101 133
100 129
99 126
99 128
98 131
99 132
98 134
99 143
99 144
99 147
99 149
98 154
99 152
99 155
101 153
102 151
103 150
104 152
103 154
102 156
103 160
103 161
104 164
102 162
102 165
102 166
101 159
100 158
98 160
100 168
97 166
97 165
97 162
96 159
97 156
97 151
96 153
95 157
95 158
94 152
94 149
93 150
93 154
94 155
92 156
93 160
94 164
93 161
92 162
90 168
90 158
89 167
89 164
87 166
87 165
87 162
88 161
88 160
89 155
87 156
87 151
88 154
89 152
89 149
90 157
91 153
92 151
91 148
92 140
91 146
91 138
89 147
89 143
88 141
86 138
87 140
88 137
87 136
87 135
86 130
88 134
88 131
89 126
89 128
91 133
91 130
90 127
94 128
93 131
94 132
93 134
92 135
92 136
93 145
94 142
93 137
94 143
94 147
96 148
96 146
98 145
97 140
96 138
95 129
97 136
97 135
109 84
108 82
109 81
107 74
109 73
109 71
108 58
107 59
109 62
106 49
106 50
107 51
105 54
106 56
107 79
107 85
106 87
104 81
103 86
101 88
98 125
96 88
94 90
89 89
86 87
88 86
96 87
98 86
87 85
92 85
97 85
99 83
101 49
102 85
104 83
103 82
102 51
96 45
96 42
95 43
95 40
94 44
94 41
90 40
90 39
91 38
90 36
89 37
87 33
88 31
89 35
90 32
94 37
96 38
95 36
94 34
99 35
100 36
99 37
100 39
96 46
97 47
101 45
99 41
100 40
101 46
101 48
102 47
106 46
106 45
105 43
104 44
101 42
105 40
105 39
109 44
110 54
111 49
111 50
112 51
112 53
113 58
112 60
111 56
114 62
115 61
115 66
113 67
112 63
112 68
112 65
110 61
110 64
110 66
110 70
114 71
112 72
114 73
109 77
109 83
111 78
112 76
112 74
118 124
120 125
120 122
122 120
122 114
120 109
114 77
114 75
115 70
116 69
128 112
124 113
129 115
125 116
122 121
122 123
125 119
129 118
123 117
130 122
130 124
133 123
135 122
131 121
130 119
130 116
132 114
134 113
143 114
143 112
143 111
142 110
138 112
133 112
133 111
123 111
127 110
132 110
125 109
122 110
128 102
130 109
130 105
132 100
131 101
137 110
140 109
134 108
61.75 142.5
66.75 142.5
70.25 142.25
76 142.5
80.25 142.25
87 142.75
90.25 142.75
96 142.75
35.5 84.75
38 89
43.5 90.25
47.5 97.25
42.75 97
56.215 191.272
51.442 196.752
35.7089 171.297
55.3311 190.035
72.832 230.517
73.1856 227.335
73.8927 225.037
74.7765 223.092
74.0694 230.694
74.9533 231.577
73.8927 237.941
65.4074 209.127
75.8372 220.264
101.823 225.921
120.915 221.855
130 100.5
112.75 77.75
78.5 83.125
81.625 82.875
87.625 88.5
90.875 89.625
96.125 89.875
102 88.375
