-289 -184
-242 -160
33 34
-37 -165
-239 -192
-254 -240
-267 -208
-174 -188
-211 -148
-237 -110
-155 -34
-84 -80
-149 -88
-149 -110
74 6
34 -2
-61 -40
-42 -61
87 -99
-81 -89
-83 -113
-79 -162
-40 -111
-293 -218
-293 -200
-287 -233
-277 -240
-264 -240
-242 -229
-227 -216
-206 -203
-97 -146
-138 -151
-141 -136
-142 -165
-153 -178
-163 -188
-183 -193
-283 -158
-270 -134
-186 -132
-258 -121
-229 -100
-219 -88
-209 -68
-205 -55
-166 -14
-182 -33
-183 -78
-113 10
-135 3
-146 -1
-121 -34
-111 -73
-126 -73
-153 -100
-146 -123
-139 -77
-19 -68
-13 -63
-96 -35
-77 4
-57 4
-41 5
-23 15
3 31
20 37
55 21
79 -9
77 -22
68 -49
12 -26
15 -71
69 -59
75 -70
83 -111
79 -78
73 -120
58 -127
-24 -89
-94 -73
-88 -124
-82 -103
45 -97
-94 -134
-91 -153
-60 -166
-50 -133
-32 -165
-18 -158
28 -130
9 -137
-7 -150
-49 -87
