-184 -129
-177 -145
-168 -153
-154 -155
-140 -157
-113 -156
-99 -141
-84 -126
-77 -86
-79 -68
-110 -52
-119 -50
-142 -50
-161 -54
-180 -69
-199 -93
-205 -115
-258 -255
-181 -300
-69 -297
13 -261
75 -215
137 -136
218 -112
299 -130
329 -147
373 -150
436 -84
462 -33
433 30
398 46
330 25
259 32
266 71
298 105
341 138
361 151
350 208
318 211
245 206
210 177
170 140
109 101
37 74
-28 74
-108 89
-199 84
-334 40
-382 -28
-397 -82
-384 -145
-353 -191
-279 -244
-323 -140
-290 -41
-182 6
-54 18
16 -62
-4 -176
-118 -201
-213 -239
42 -151
133 -74
105 -19
215 0
260 -47
331 -78
391 -67
392 -5
156 61
216 82
259 151
326 183
58 1
-295 15
