-342 -69
-328 -80
-318 -91
-311 -101
-299 -112
-284 -126
-270 -137
-259 -147
-241 -157
-231 -162
-217 -163
-213 -163
-206 -162
-198 -158
-186 -153
-169 -142
-163 -140
-152 -134
-135 -126
-156 -139
-147 -143
-133 -150
-123 -157
-112 -161
-97 -166
-89 -170
-67 -177
-45 -177
-32 -177
-8 -172
2 -166
16 -158
25 -151
36 -137
45 -117
51 -111
70 -85
79 -78
99 -62
104 -58
127 -46
161 -36
-279 -140
-290 -142
-302 -145
-308 -145
-332 -152
-335 -153
-350 -157
-361 -158
-368 -158
-376 -155
-385 -146
-393 -137
-404 -118
-413 -107
-418 -95
-179 -155
-177 -161
-173 -165
-167 -167
-159 -170
-153 -170
-148 -170
-143 -169
-135 -169
-130 -165
-128 -161
-425 -82
-429 -67
-414 -45
-393 -46
-374 -48
-349 -47
-333 -47
-293 -47
-284 -47
-260 -47
-241 -47
-217 -47
-189 -42
-176 -42
-150 -42
-138 -46
-120 -56
-116 -57
-92 -57
-66 -55
-52 -55
3 -47
8 -47
50 -46
107 -46
120 -47
140 -44
-427 21
-385 23
-355 19
-326 17
-292 17
-270 20
-247 21
-214 24
-196 23
-161 24
-109 25
-97 22
-90 15
-69 7
-45 8
-19 11
10 16
42 18
54 19
83 22
103 18
141 18
150 17
166 12
164 -30
163 -25
164 -22
164 0
