-127 -164
-164 -54
-131 -48
-147 -44
-31 -50
-122 -94
-30 -149
-56 -160
-52 -170
-122 -177
-113 -202
-108 -165
-126 -145
-151 -127
-151 -91
-158 -89
-180 -32
-170 -15
-152 -67
-121 -68
-145 -88
-85 -91
-60 -95
-53 -70
-63 -48
-43 -54
-20 -72
-26 -77
-32 -98
-39 -136
-44 -147
-80 -110
-80 -148
-77 -170
-58 -151
-44 -200
-138 -177
-145 -161
-157 -141
-131 -161
-129 -193
-124 -205
-117 -192
-102 -186
-97 -208
-95 -156
-98 -150
-103 -150
-106 -180
-115 -125
-114 -119
-112 -135
-94 -118
-95 -105
-107 -118
-117 -112
-131 -138
-134 -138
-140 -140
-141 -134
-164 -122
-152 -121
-143 -120
-179 -81
-178 -102
-158 -86
-175 -69
-180 -58
-191 -75
-200 -53
-208 -26
-209 -18
-198 -15
-185 -16
-162 -31
-197 -36
-185 -47
-154 -76
-145 -67
-158 -16
-143 -19
-139 -31
-142 -74
-118 -78
-95 -81
-102 -81
-155 -94
-134 -102
-109 -97
-109 -101
-97 -95
-69 -104
-54 -108
-39 -97
-53 -83
-72 -73
-82 -81
-68 -61
-60 -31
-58 -20
-54 -14
-44 -14
-44 -40
-51 -61
-38 -28
-26 -24
-24 -13
-8 -16
5 -18
2 -26
-21 -29
0 -36
-5 -51
-24 -45
-30 -77
-16 -108
-12 -93
-8 -67
-21 -124
-42 -124
-26 -138
-61 -150
-63 -138
-49 -129
-67 -120
-69 -126
-70 -131
-79 -118
-83 -154
-76 -143
-70 -136
-69 -147
-68 -171
-72 -161
-87 -157
-92 -195
-89 -176
-83 -192
-73 -206
-63 -194
-62 -191
-59 -161
-35 -166
-56 -167
-36 -180
-53 -208
-204 -42
-185 -91
-11 -80
