36	14
36	15
37	15
35	16
36	16
37	16
45	16
35	17
36	17
37	17
44	17
45	17
28	18
29	18
35	18
36	18
37	18
43	18
44	18
28	19
29	19
34	19
35	19
36	19
37	19
42	19
43	19
44	19
28	20
29	20
30	20
34	20
35	20
36	20
37	20
38	20
42	20
43	20
44	20
28	21
29	21
30	21
34	21
35	21
36	21
37	21
38	21
41	21
42	21
43	21
44	21
28	22
29	22
30	22
31	22
34	22
35	22
36	22
37	22
38	22
39	22
40	22
41	22
42	22
43	22
44	22
28	23
29	23
30	23
31	23
32	23
33	23
34	23
35	23
36	23
37	23
38	23
39	23
40	23
41	23
42	23
43	23
44	23
28	24
29	24
30	24
31	24
32	24
33	24
34	24
35	24
36	24
37	24
38	24
39	24
40	24
41	24
42	24
43	24
44	24
28	25
29	25
30	25
31	25
32	25
33	25
34	25
35	25
36	25
37	25
38	25
39	25
40	25
41	25
42	25
43	25
44	25
28	26
29	26
30	26
31	26
32	26
33	26
34	26
35	26
36	26
37	26
38	26
39	26
40	26
41	26
42	26
43	26
44	26
27	27
28	27
29	27
30	27
31	27
32	27
33	27
34	27
35	27
36	27
37	27
38	27
39	27
40	27
41	27
42	27
43	27
44	27
20	28
21	28
27	28
28	28
29	28
30	28
31	28
32	28
33	28
34	28
35	28
36	28
37	28
38	28
39	28
40	28
41	28
42	28
43	28
44	28
20	29
21	29
22	29
23	29
24	29
27	29
28	29
29	29
30	29
31	29
32	29
33	29
34	29
35	29
36	29
37	29
38	29
39	29
40	29
41	29
42	29
43	29
44	29
21	30
22	30
23	30
24	30
25	30
26	30
27	30
28	30
29	30
30	30
31	30
32	30
33	30
34	30
35	30
36	30
37	30
38	30
39	30
40	30
41	30
42	30
43	30
44	30
21	31
22	31
23	31
24	31
25	31
26	31
27	31
28	31
29	31
30	31
31	31
32	31
33	31
34	31
35	31
36	31
37	31
38	31
39	31
40	31
41	31
42	31
43	31
44	31
22	32
23	32
24	32
25	32
26	32
27	32
28	32
29	32
30	32
31	32
32	32
33	32
34	32
35	32
36	32
37	32
38	32
39	32
40	32
41	32
42	32
43	32
44	32
24	33
25	33
26	33
27	33
28	33
29	33
30	33
31	33
32	33
33	33
34	33
35	33
36	33
37	33
38	33
39	33
40	33
41	33
42	33
43	33
44	33
51	33
52	33
24	34
25	34
26	34
27	34
28	34
29	34
30	34
31	34
32	34
33	34
34	34
35	34
36	34
37	34
38	34
39	34
40	34
41	34
42	34
43	34
44	34
51	34
52	34
24	35
25	35
26	35
27	35
28	35
29	35
30	35
31	35
32	35
33	35
34	35
35	35
36	35
37	35
38	35
39	35
40	35
41	35
42	35
43	35
44	35
50	35
51	35
52	35
53	35
25	36
26	36
27	36
28	36
29	36
30	36
31	36
32	36
33	36
34	36
35	36
36	36
37	36
38	36
39	36
40	36
41	36
42	36
43	36
44	36
50	36
51	36
52	36
53	36
54	36
26	37
27	37
28	37
29	37
30	37
31	37
32	37
33	37
34	37
35	37
36	37
37	37
38	37
39	37
40	37
41	37
42	37
43	37
44	37
49	37
50	37
51	37
52	37
53	37
54	37
55	37
26	38
27	38
28	38
29	38
30	38
31	38
32	38
33	38
34	38
35	38
36	38
37	38
38	38
39	38
40	38
41	38
42	38
43	38
44	38
49	38
50	38
51	38
52	38
53	38
54	38
55	38
27	39
28	39
29	39
30	39
31	39
32	39
33	39
34	39
35	39
36	39
37	39
38	39
39	39
40	39
41	39
42	39
43	39
44	39
47	39
48	39
49	39
50	39
51	39
52	39
53	39
54	39
55	39
28	40
29	40
30	40
31	40
32	40
33	40
34	40
35	40
36	40
37	40
38	40
39	40
40	40
41	40
42	40
43	40
44	40
45	40
46	40
47	40
48	40
49	40
50	40
51	40
52	40
53	40
54	40
55	40
29	41
30	41
31	41
32	41
33	41
34	41
35	41
36	41
37	41
38	41
39	41
40	41
41	41
42	41
43	41
44	41
45	41
46	41
47	41
48	41
49	41
50	41
51	41
52	41
53	41
54	41
55	41
56	41
30	42
31	42
32	42
33	42
34	42
35	42
36	42
37	42
38	42
39	42
40	42
41	42
42	42
43	42
44	42
45	42
46	42
47	42
48	42
49	42
50	42
51	42
52	42
53	42
54	42
55	42
56	42
30	43
31	43
32	43
33	43
34	43
35	43
36	43
37	43
38	43
39	43
40	43
41	43
42	43
43	43
44	43
45	43
46	43
47	43
48	43
49	43
50	43
51	43
52	43
53	43
54	43
55	43
56	43
30	44
31	44
32	44
33	44
34	44
35	44
36	44
37	44
38	44
39	44
40	44
41	44
42	44
43	44
44	44
45	44
46	44
47	44
48	44
49	44
50	44
51	44
52	44
53	44
54	44
55	44
56	44
30	45
31	45
32	45
33	45
34	45
35	45
36	45
37	45
38	45
39	45
40	45
41	45
42	45
43	45
44	45
45	45
46	45
47	45
48	45
49	45
50	45
51	45
52	45
53	45
54	45
55	45
56	45
57	45
30	46
31	46
32	46
33	46
34	46
35	46
36	46
37	46
38	46
39	46
40	46
41	46
42	46
43	46
44	46
45	46
46	46
47	46
48	46
49	46
50	46
51	46
52	46
53	46
54	46
55	46
56	46
57	46
14	47
15	47
16	47
17	47
18	47
30	47
31	47
32	47
33	47
34	47
35	47
36	47
37	47
38	47
39	47
40	47
41	47
42	47
43	47
44	47
45	47
46	47
47	47
48	47
49	47
50	47
51	47
52	47
53	47
54	47
55	47
56	47
57	47
58	47
13	48
14	48
15	48
16	48
17	48
18	48
19	48
20	48
21	48
22	48
23	48
24	48
30	48
31	48
32	48
33	48
34	48
35	48
36	48
37	48
38	48
39	48
40	48
41	48
42	48
43	48
44	48
45	48
46	48
47	48
48	48
49	48
50	48
51	48
52	48
53	48
54	48
55	48
56	48
58	48
14	49
15	49
16	49
17	49
18	49
19	49
20	49
21	49
22	49
23	49
24	49
25	49
30	49
31	49
32	49
33	49
34	49
35	49
36	49
37	49
38	49
39	49
40	49
41	49
42	49
43	49
44	49
45	49
46	49
47	49
48	49
49	49
50	49
51	49
52	49
53	49
54	49
55	49
58	49
14	50
15	50
16	50
17	50
18	50
19	50
20	50
21	50
22	50
23	50
24	50
25	50
26	50
27	50
30	50
31	50
32	50
33	50
34	50
35	50
36	50
37	50
38	50
39	50
40	50
41	50
42	50
43	50
44	50
45	50
46	50
47	50
48	50
49	50
50	50
51	50
52	50
53	50
54	50
55	50
56	50
57	50
15	51
16	51
17	51
18	51
19	51
20	51
21	51
22	51
23	51
24	51
25	51
26	51
27	51
28	51
29	51
30	51
31	51
32	51
33	51
34	51
35	51
36	51
37	51
38	51
39	51
40	51
41	51
42	51
43	51
44	51
45	51
46	51
47	51
48	51
49	51
50	51
51	51
52	51
53	51
54	51
55	51
56	51
57	51
15	52
16	52
17	52
18	52
19	52
20	52
21	52
22	52
23	52
24	52
25	52
26	52
27	52
28	52
29	52
30	52
31	52
32	52
33	52
34	52
35	52
36	52
37	52
38	52
39	52
40	52
41	52
42	52
43	52
44	52
45	52
46	52
47	52
48	52
49	52
50	52
51	52
52	52
53	52
54	52
55	52
56	52
16	53
17	53
18	53
19	53
20	53
21	53
22	53
23	53
24	53
25	53
26	53
27	53
28	53
29	53
30	53
31	53
32	53
33	53
34	53
35	53
36	53
37	53
38	53
39	53
40	53
41	53
42	53
43	53
44	53
45	53
46	53
47	53
48	53
49	53
50	53
51	53
52	53
53	53
54	53
55	53
17	54
18	54
19	54
20	54
21	54
22	54
23	54
24	54
25	54
26	54
27	54
28	54
29	54
30	54
31	54
32	54
33	54
34	54
35	54
36	54
37	54
38	54
39	54
40	54
41	54
42	54
43	54
44	54
45	54
46	54
47	54
48	54
49	54
50	54
51	54
52	54
53	54
54	54
55	54
56	54
18	55
19	55
20	55
21	55
22	55
23	55
24	55
25	55
26	55
27	55
28	55
29	55
30	55
31	55
32	55
33	55
34	55
35	55
36	55
37	55
38	55
39	55
40	55
41	55
42	55
43	55
44	55
45	55
46	55
47	55
48	55
49	55
50	55
51	55
52	55
53	55
54	55
55	55
56	55
20	56
21	56
22	56
23	56
24	56
25	56
26	56
27	56
28	56
29	56
30	56
31	56
32	56
33	56
34	56
35	56
36	56
37	56
38	56
39	56
40	56
41	56
42	56
43	56
44	56
45	56
46	56
47	56
48	56
49	56
50	56
51	56
52	56
53	56
54	56
55	56
56	56
22	57
23	57
24	57
25	57
26	57
27	57
28	57
29	57
30	57
31	57
32	57
33	57
34	57
35	57
36	57
37	57
38	57
39	57
40	57
41	57
42	57
43	57
44	57
45	57
46	57
47	57
48	57
49	57
50	57
51	57
52	57
53	57
54	57
55	57
57	57
58	57
23	58
24	58
25	58
26	58
27	58
28	58
29	58
30	58
31	58
32	58
33	58
34	58
35	58
36	58
37	58
38	58
39	58
40	58
41	58
42	58
43	58
44	58
45	58
46	58
47	58
48	58
49	58
50	58
51	58
52	58
53	58
54	58
55	58
57	58
58	58
59	58
25	59
26	59
27	59
28	59
29	59
30	59
31	59
32	59
33	59
34	59
35	59
36	59
37	59
38	59
39	59
40	59
41	59
42	59
43	59
44	59
45	59
46	59
47	59
48	59
49	59
50	59
51	59
52	59
53	59
54	59
55	59
56	59
57	59
60	59
26	60
27	60
28	60
29	60
30	60
31	60
32	60
33	60
34	60
35	60
36	60
37	60
38	60
39	60
40	60
41	60
42	60
43	60
44	60
45	60
46	60
47	60
48	60
49	60
50	60
51	60
52	60
53	60
54	60
55	60
56	60
57	60
58	60
61	60
27	61
28	61
29	61
30	61
31	61
32	61
33	61
34	61
35	61
36	61
37	61
38	61
39	61
40	61
41	61
42	61
43	61
44	61
45	61
46	61
47	61
48	61
49	61
50	61
51	61
52	61
53	61
54	61
55	61
56	61
57	61
58	61
60	61
61	61
62	61
27	62
28	62
29	62
30	62
31	62
32	62
33	62
34	62
35	62
36	62
37	62
38	62
39	62
40	62
41	62
42	62
43	62
44	62
45	62
46	62
47	62
48	62
49	62
50	62
51	62
52	62
53	62
54	62
55	62
56	62
57	62
58	62
59	62
60	62
61	62
62	62
27	63
28	63
29	63
30	63
31	63
32	63
33	63
34	63
35	63
36	63
37	63
38	63
39	63
40	63
41	63
42	63
43	63
44	63
45	63
46	63
47	63
48	63
49	63
50	63
51	63
52	63
53	63
54	63
55	63
56	63
57	63
58	63
59	63
60	63
61	63
62	63
63	63
64	63
65	63
66	63
27	64
28	64
29	64
30	64
31	64
32	64
33	64
34	64
35	64
36	64
37	64
38	64
39	64
40	64
41	64
42	64
43	64
44	64
45	64
46	64
47	64
48	64
49	64
50	64
51	64
52	64
53	64
54	64
55	64
56	64
57	64
58	64
59	64
60	64
61	64
62	64
63	64
64	64
65	64
67	64
68	64
69	64
70	64
27	65
28	65
29	65
30	65
31	65
32	65
33	65
34	65
35	65
36	65
37	65
38	65
39	65
40	65
41	65
42	65
43	65
44	65
45	65
46	65
47	65
48	65
49	65
50	65
51	65
52	65
53	65
54	65
55	65
56	65
57	65
58	65
59	65
60	65
61	65
62	65
63	65
64	65
65	65
67	65
68	65
69	65
70	65
71	65
27	66
28	66
29	66
30	66
31	66
32	66
33	66
34	66
35	66
36	66
37	66
38	66
39	66
40	66
41	66
42	66
43	66
44	66
45	66
46	66
47	66
48	66
49	66
50	66
51	66
52	66
53	66
54	66
55	66
56	66
57	66
58	66
59	66
60	66
61	66
62	66
63	66
64	66
65	66
66	66
67	66
68	66
69	66
70	66
71	66
72	66
27	67
28	67
29	67
30	67
31	67
32	67
33	67
34	67
35	67
36	67
37	67
38	67
39	67
40	67
41	67
42	67
43	67
44	67
45	67
46	67
47	67
48	67
49	67
50	67
51	67
52	67
53	67
54	67
55	67
56	67
57	67
58	67
59	67
60	67
61	67
62	67
63	67
64	67
65	67
66	67
67	67
68	67
69	67
70	67
71	67
72	67
73	67
27	68
28	68
29	68
30	68
31	68
32	68
33	68
34	68
35	68
36	68
37	68
38	68
39	68
40	68
41	68
42	68
43	68
44	68
45	68
46	68
47	68
48	68
49	68
50	68
51	68
52	68
53	68
54	68
55	68
56	68
57	68
58	68
59	68
60	68
61	68
62	68
63	68
64	68
65	68
66	68
67	68
68	68
69	68
70	68
71	68
74	68
167	68
25	69
26	69
27	69
28	69
29	69
30	69
31	69
32	69
33	69
34	69
35	69
36	69
37	69
38	69
39	69
40	69
41	69
42	69
43	69
44	69
45	69
46	69
47	69
48	69
49	69
50	69
51	69
52	69
53	69
54	69
55	69
56	69
57	69
58	69
59	69
60	69
61	69
62	69
63	69
64	69
65	69
66	69
67	69
68	69
69	69
70	69
71	69
72	69
74	69
75	69
76	69
77	69
78	69
79	69
149	69
166	69
24	70
25	70
26	70
27	70
28	70
29	70
30	70
31	70
32	70
33	70
34	70
35	70
36	70
37	70
38	70
39	70
40	70
41	70
42	70
43	70
44	70
45	70
46	70
47	70
48	70
49	70
50	70
51	70
52	70
53	70
54	70
55	70
56	70
57	70
58	70
59	70
60	70
61	70
62	70
63	70
64	70
65	70
66	70
67	70
68	70
69	70
70	70
71	70
72	70
73	70
74	70
75	70
76	70
77	70
78	70
79	70
80	70
150	70
151	70
166	70
24	71
25	71
26	71
27	71
28	71
29	71
30	71
31	71
32	71
33	71
34	71
35	71
36	71
37	71
38	71
39	71
40	71
41	71
42	71
43	71
44	71
45	71
46	71
47	71
48	71
49	71
50	71
51	71
52	71
53	71
54	71
55	71
56	71
57	71
58	71
59	71
60	71
61	71
62	71
63	71
64	71
65	71
66	71
67	71
68	71
69	71
70	71
71	71
72	71
73	71
74	71
75	71
76	71
77	71
78	71
79	71
81	71
82	71
83	71
84	71
150	71
151	71
164	71
165	71
166	71
167	71
168	71
169	71
24	72
25	72
26	72
27	72
28	72
29	72
30	72
31	72
32	72
33	72
34	72
35	72
36	72
37	72
38	72
39	72
40	72
41	72
42	72
43	72
44	72
45	72
46	72
47	72
48	72
49	72
50	72
51	72
52	72
53	72
54	72
55	72
56	72
57	72
58	72
59	72
60	72
61	72
62	72
63	72
64	72
65	72
66	72
67	72
68	72
69	72
70	72
71	72
72	72
73	72
74	72
75	72
76	72
77	72
78	72
79	72
82	72
83	72
84	72
85	72
86	72
87	72
88	72
89	72
151	72
164	72
165	72
166	72
167	72
168	72
24	73
25	73
26	73
27	73
28	73
29	73
30	73
31	73
32	73
33	73
34	73
35	73
36	73
37	73
38	73
39	73
40	73
41	73
42	73
43	73
44	73
45	73
46	73
47	73
48	73
49	73
50	73
51	73
52	73
53	73
54	73
55	73
56	73
57	73
58	73
59	73
60	73
61	73
62	73
63	73
64	73
65	73
66	73
67	73
68	73
69	73
70	73
71	73
72	73
73	73
74	73
75	73
76	73
77	73
78	73
79	73
80	73
81	73
82	73
83	73
84	73
85	73
86	73
87	73
88	73
89	73
90	73
91	73
92	73
151	73
152	73
163	73
164	73
165	73
166	73
167	73
168	73
24	74
25	74
26	74
27	74
28	74
29	74
30	74
31	74
32	74
33	74
34	74
35	74
36	74
37	74
38	74
39	74
40	74
41	74
42	74
43	74
44	74
45	74
46	74
47	74
48	74
49	74
50	74
51	74
52	74
53	74
54	74
55	74
56	74
57	74
58	74
59	74
60	74
61	74
62	74
63	74
64	74
65	74
66	74
67	74
68	74
69	74
70	74
71	74
72	74
73	74
74	74
75	74
76	74
77	74
78	74
79	74
80	74
81	74
82	74
83	74
84	74
85	74
86	74
87	74
88	74
89	74
90	74
91	74
92	74
93	74
94	74
95	74
96	74
119	74
150	74
151	74
152	74
162	74
163	74
164	74
165	74
166	74
167	74
168	74
24	75
25	75
26	75
27	75
28	75
29	75
30	75
31	75
32	75
33	75
34	75
35	75
36	75
37	75
38	75
39	75
40	75
41	75
42	75
43	75
44	75
45	75
46	75
47	75
48	75
49	75
50	75
51	75
52	75
53	75
54	75
55	75
56	75
57	75
58	75
59	75
60	75
61	75
62	75
63	75
64	75
65	75
66	75
67	75
68	75
69	75
70	75
71	75
72	75
73	75
74	75
75	75
76	75
77	75
78	75
79	75
80	75
81	75
82	75
83	75
84	75
85	75
86	75
87	75
88	75
89	75
90	75
91	75
92	75
93	75
96	75
97	75
106	75
107	75
108	75
109	75
110	75
111	75
112	75
113	75
114	75
115	75
116	75
117	75
118	75
119	75
120	75
121	75
122	75
123	75
149	75
150	75
151	75
152	75
162	75
163	75
164	75
165	75
166	75
167	75
168	75
24	76
25	76
26	76
27	76
28	76
29	76
30	76
31	76
32	76
33	76
34	76
35	76
36	76
37	76
38	76
39	76
40	76
41	76
42	76
43	76
44	76
45	76
46	76
47	76
48	76
49	76
50	76
51	76
52	76
53	76
54	76
55	76
56	76
57	76
58	76
59	76
60	76
61	76
62	76
63	76
64	76
65	76
66	76
67	76
68	76
69	76
70	76
71	76
72	76
73	76
74	76
75	76
76	76
77	76
78	76
79	76
80	76
81	76
82	76
83	76
84	76
85	76
86	76
87	76
88	76
89	76
90	76
91	76
92	76
93	76
94	76
95	76
96	76
97	76
98	76
99	76
101	76
102	76
103	76
104	76
105	76
106	76
107	76
108	76
109	76
110	76
111	76
112	76
113	76
114	76
115	76
116	76
117	76
118	76
119	76
120	76
121	76
122	76
123	76
124	76
149	76
150	76
151	76
152	76
161	76
162	76
163	76
164	76
165	76
166	76
167	76
24	77
25	77
26	77
27	77
28	77
29	77
30	77
31	77
32	77
33	77
34	77
35	77
36	77
37	77
38	77
39	77
40	77
41	77
42	77
43	77
44	77
45	77
46	77
47	77
48	77
49	77
50	77
51	77
52	77
53	77
54	77
55	77
56	77
57	77
58	77
59	77
60	77
61	77
62	77
63	77
64	77
65	77
66	77
67	77
68	77
69	77
70	77
71	77
72	77
73	77
74	77
75	77
76	77
77	77
78	77
79	77
80	77
81	77
82	77
83	77
84	77
85	77
86	77
87	77
88	77
89	77
90	77
91	77
92	77
93	77
94	77
95	77
96	77
97	77
98	77
99	77
100	77
101	77
102	77
103	77
104	77
105	77
106	77
107	77
108	77
109	77
110	77
111	77
112	77
113	77
114	77
115	77
116	77
117	77
118	77
119	77
120	77
121	77
122	77
123	77
124	77
125	77
126	77
127	77
128	77
129	77
130	77
149	77
150	77
151	77
152	77
161	77
162	77
163	77
164	77
165	77
166	77
167	77
24	78
25	78
26	78
27	78
28	78
29	78
30	78
31	78
32	78
33	78
34	78
35	78
36	78
37	78
38	78
39	78
40	78
41	78
42	78
43	78
44	78
45	78
46	78
47	78
48	78
49	78
50	78
51	78
52	78
53	78
54	78
55	78
56	78
57	78
58	78
59	78
60	78
61	78
62	78
63	78
64	78
65	78
66	78
67	78
68	78
69	78
70	78
71	78
72	78
73	78
74	78
75	78
76	78
77	78
78	78
79	78
80	78
81	78
82	78
83	78
84	78
85	78
86	78
87	78
88	78
89	78
90	78
91	78
92	78
93	78
94	78
95	78
96	78
97	78
98	78
99	78
100	78
101	78
102	78
103	78
104	78
105	78
106	78
107	78
108	78
109	78
110	78
111	78
112	78
113	78
114	78
115	78
116	78
117	78
118	78
119	78
120	78
121	78
122	78
123	78
124	78
125	78
126	78
127	78
128	78
129	78
130	78
131	78
132	78
148	78
149	78
150	78
151	78
152	78
160	78
161	78
162	78
163	78
164	78
165	78
166	78
167	78
24	79
25	79
26	79
27	79
28	79
29	79
30	79
31	79
32	79
33	79
34	79
35	79
36	79
37	79
38	79
39	79
40	79
41	79
42	79
43	79
44	79
45	79
46	79
47	79
48	79
49	79
50	79
51	79
52	79
53	79
54	79
55	79
56	79
57	79
58	79
59	79
60	79
61	79
62	79
63	79
64	79
65	79
66	79
67	79
68	79
69	79
70	79
71	79
72	79
73	79
74	79
75	79
76	79
77	79
78	79
79	79
80	79
81	79
82	79
83	79
84	79
85	79
86	79
87	79
88	79
89	79
90	79
91	79
92	79
93	79
94	79
95	79
96	79
97	79
98	79
99	79
100	79
101	79
102	79
103	79
104	79
105	79
106	79
107	79
108	79
109	79
110	79
111	79
112	79
113	79
114	79
115	79
116	79
117	79
118	79
119	79
120	79
121	79
122	79
123	79
124	79
125	79
126	79
127	79
128	79
129	79
130	79
131	79
134	79
135	79
148	79
149	79
150	79
151	79
152	79
159	79
160	79
161	79
162	79
163	79
164	79
165	79
166	79
167	79
24	80
25	80
26	80
27	80
28	80
29	80
30	80
31	80
32	80
33	80
34	80
35	80
36	80
37	80
38	80
39	80
40	80
41	80
42	80
43	80
44	80
45	80
46	80
47	80
48	80
49	80
50	80
51	80
52	80
53	80
54	80
55	80
56	80
57	80
58	80
59	80
60	80
61	80
62	80
63	80
64	80
65	80
66	80
67	80
68	80
69	80
70	80
71	80
72	80
73	80
74	80
75	80
76	80
77	80
78	80
79	80
80	80
81	80
82	80
83	80
84	80
85	80
86	80
87	80
88	80
89	80
90	80
91	80
92	80
93	80
94	80
95	80
96	80
97	80
98	80
99	80
100	80
101	80
102	80
103	80
104	80
105	80
106	80
107	80
108	80
109	80
110	80
111	80
112	80
113	80
114	80
115	80
116	80
117	80
118	80
119	80
120	80
121	80
122	80
123	80
124	80
125	80
126	80
127	80
128	80
129	80
130	80
131	80
132	80
134	80
135	80
136	80
137	80
138	80
147	80
148	80
149	80
150	80
151	80
152	80
159	80
160	80
161	80
162	80
163	80
164	80
165	80
166	80
167	80
169	80
24	81
25	81
26	81
27	81
28	81
29	81
30	81
31	81
32	81
33	81
34	81
35	81
36	81
37	81
38	81
39	81
40	81
41	81
42	81
43	81
44	81
45	81
46	81
47	81
48	81
49	81
50	81
51	81
52	81
53	81
54	81
55	81
56	81
57	81
58	81
59	81
60	81
61	81
62	81
63	81
64	81
65	81
66	81
67	81
68	81
69	81
70	81
71	81
72	81
73	81
74	81
75	81
76	81
77	81
78	81
79	81
80	81
81	81
82	81
83	81
84	81
85	81
86	81
87	81
88	81
89	81
90	81
91	81
92	81
93	81
94	81
95	81
96	81
97	81
98	81
99	81
100	81
101	81
102	81
103	81
104	81
105	81
106	81
107	81
108	81
109	81
110	81
111	81
112	81
113	81
114	81
115	81
116	81
117	81
118	81
119	81
120	81
121	81
122	81
123	81
124	81
125	81
126	81
127	81
128	81
129	81
130	81
131	81
132	81
133	81
134	81
135	81
136	81
137	81
138	81
139	81
140	81
141	81
147	81
148	81
149	81
150	81
151	81
152	81
158	81
159	81
160	81
161	81
162	81
163	81
164	81
165	81
166	81
167	81
24	82
25	82
26	82
27	82
28	82
29	82
30	82
31	82
32	82
33	82
34	82
35	82
36	82
37	82
38	82
39	82
40	82
41	82
42	82
43	82
44	82
45	82
46	82
47	82
48	82
49	82
50	82
51	82
52	82
53	82
54	82
55	82
56	82
57	82
58	82
59	82
60	82
61	82
62	82
63	82
64	82
65	82
66	82
67	82
68	82
69	82
70	82
71	82
72	82
73	82
74	82
75	82
76	82
77	82
78	82
79	82
80	82
81	82
82	82
83	82
84	82
85	82
86	82
87	82
88	82
89	82
90	82
91	82
92	82
93	82
94	82
95	82
96	82
97	82
98	82
99	82
100	82
101	82
102	82
103	82
104	82
105	82
106	82
107	82
108	82
109	82
110	82
111	82
112	82
113	82
114	82
115	82
116	82
117	82
118	82
119	82
120	82
121	82
122	82
123	82
124	82
125	82
126	82
127	82
128	82
129	82
130	82
131	82
132	82
133	82
134	82
135	82
136	82
137	82
138	82
139	82
140	82
141	82
142	82
143	82
144	82
146	82
147	82
148	82
149	82
150	82
151	82
152	82
157	82
158	82
159	82
160	82
161	82
162	82
163	82
164	82
165	82
166	82
167	82
168	82
23	83
24	83
25	83
26	83
27	83
28	83
29	83
30	83
31	83
32	83
33	83
34	83
35	83
36	83
37	83
38	83
39	83
40	83
41	83
42	83
43	83
44	83
45	83
46	83
47	83
48	83
49	83
50	83
51	83
52	83
53	83
54	83
55	83
56	83
57	83
58	83
59	83
60	83
61	83
62	83
63	83
64	83
65	83
66	83
67	83
68	83
69	83
70	83
71	83
72	83
73	83
74	83
75	83
76	83
77	83
78	83
79	83
80	83
81	83
82	83
83	83
84	83
85	83
86	83
87	83
88	83
89	83
90	83
91	83
92	83
93	83
94	83
95	83
96	83
97	83
98	83
99	83
100	83
101	83
102	83
103	83
104	83
105	83
106	83
107	83
108	83
109	83
110	83
111	83
112	83
113	83
114	83
115	83
116	83
117	83
118	83
119	83
120	83
121	83
122	83
123	83
124	83
125	83
126	83
127	83
128	83
129	83
130	83
131	83
132	83
133	83
134	83
135	83
136	83
137	83
138	83
139	83
140	83
141	83
142	83
143	83
144	83
145	83
146	83
147	83
148	83
149	83
150	83
151	83
152	83
157	83
158	83
159	83
160	83
161	83
162	83
163	83
164	83
165	83
166	83
167	83
168	83
23	84
24	84
25	84
26	84
27	84
28	84
29	84
30	84
31	84
32	84
33	84
34	84
35	84
36	84
37	84
38	84
39	84
40	84
41	84
42	84
43	84
44	84
45	84
46	84
47	84
48	84
49	84
50	84
51	84
52	84
53	84
54	84
55	84
56	84
57	84
58	84
59	84
60	84
61	84
62	84
63	84
64	84
65	84
66	84
67	84
68	84
69	84
70	84
71	84
72	84
73	84
74	84
75	84
76	84
77	84
78	84
79	84
80	84
81	84
82	84
83	84
84	84
85	84
86	84
87	84
88	84
89	84
90	84
91	84
92	84
93	84
94	84
95	84
96	84
97	84
98	84
99	84
100	84
101	84
102	84
103	84
104	84
105	84
106	84
107	84
108	84
109	84
110	84
111	84
112	84
113	84
114	84
115	84
116	84
117	84
118	84
119	84
120	84
121	84
122	84
123	84
124	84
125	84
126	84
127	84
128	84
129	84
130	84
131	84
132	84
133	84
134	84
135	84
136	84
137	84
138	84
139	84
140	84
141	84
144	84
145	84
146	84
147	84
148	84
149	84
150	84
151	84
152	84
153	84
154	84
156	84
157	84
158	84
159	84
160	84
161	84
162	84
163	84
164	84
165	84
166	84
167	84
168	84
23	85
24	85
25	85
26	85
27	85
28	85
29	85
30	85
31	85
32	85
33	85
34	85
35	85
36	85
37	85
38	85
39	85
40	85
41	85
42	85
43	85
44	85
45	85
46	85
47	85
48	85
49	85
50	85
51	85
52	85
53	85
54	85
55	85
56	85
57	85
58	85
59	85
60	85
61	85
62	85
63	85
64	85
65	85
66	85
67	85
68	85
69	85
70	85
71	85
72	85
73	85
74	85
75	85
76	85
77	85
78	85
79	85
80	85
81	85
82	85
83	85
84	85
85	85
86	85
87	85
88	85
89	85
90	85
91	85
92	85
93	85
94	85
95	85
96	85
97	85
98	85
99	85
100	85
101	85
102	85
103	85
104	85
105	85
106	85
107	85
108	85
109	85
110	85
111	85
112	85
113	85
114	85
115	85
116	85
117	85
118	85
119	85
120	85
121	85
122	85
123	85
124	85
125	85
126	85
127	85
128	85
129	85
130	85
131	85
132	85
133	85
134	85
135	85
136	85
137	85
138	85
139	85
140	85
141	85
142	85
144	85
145	85
146	85
147	85
148	85
149	85
150	85
151	85
152	85
153	85
154	85
155	85
156	85
157	85
158	85
159	85
160	85
161	85
162	85
163	85
164	85
165	85
166	85
167	85
23	86
24	86
25	86
26	86
27	86
28	86
29	86
30	86
31	86
32	86
33	86
34	86
35	86
36	86
37	86
38	86
39	86
40	86
41	86
42	86
43	86
44	86
45	86
46	86
47	86
48	86
49	86
50	86
51	86
52	86
53	86
54	86
55	86
56	86
57	86
58	86
59	86
60	86
61	86
62	86
63	86
64	86
65	86
66	86
67	86
68	86
69	86
70	86
71	86
72	86
73	86
74	86
75	86
76	86
77	86
78	86
79	86
80	86
81	86
82	86
83	86
84	86
85	86
86	86
87	86
88	86
89	86
90	86
91	86
92	86
93	86
94	86
95	86
96	86
97	86
98	86
99	86
100	86
101	86
102	86
103	86
104	86
105	86
106	86
107	86
108	86
109	86
110	86
111	86
112	86
113	86
114	86
115	86
116	86
117	86
118	86
119	86
120	86
121	86
122	86
123	86
124	86
125	86
126	86
127	86
128	86
129	86
130	86
131	86
132	86
133	86
134	86
135	86
136	86
137	86
138	86
139	86
140	86
141	86
142	86
143	86
144	86
145	86
146	86
147	86
148	86
149	86
150	86
151	86
152	86
153	86
154	86
155	86
156	86
157	86
158	86
159	86
160	86
161	86
162	86
163	86
164	86
165	86
166	86
167	86
23	87
24	87
25	87
26	87
27	87
28	87
29	87
30	87
31	87
32	87
33	87
34	87
35	87
36	87
37	87
38	87
39	87
40	87
41	87
42	87
43	87
44	87
45	87
46	87
47	87
48	87
49	87
50	87
51	87
52	87
53	87
54	87
55	87
56	87
57	87
58	87
59	87
60	87
61	87
62	87
63	87
64	87
65	87
66	87
67	87
68	87
69	87
70	87
71	87
72	87
73	87
74	87
75	87
76	87
77	87
78	87
79	87
80	87
81	87
82	87
83	87
84	87
85	87
86	87
87	87
88	87
89	87
90	87
91	87
92	87
93	87
94	87
95	87
96	87
97	87
98	87
99	87
100	87
101	87
102	87
103	87
104	87
105	87
106	87
107	87
108	87
109	87
110	87
111	87
112	87
113	87
114	87
115	87
116	87
117	87
118	87
119	87
120	87
121	87
122	87
123	87
124	87
125	87
126	87
127	87
128	87
129	87
130	87
131	87
132	87
133	87
134	87
135	87
136	87
137	87
138	87
139	87
140	87
141	87
142	87
143	87
144	87
145	87
146	87
147	87
148	87
149	87
150	87
151	87
152	87
153	87
154	87
155	87
156	87
157	87
158	87
159	87
160	87
161	87
162	87
163	87
164	87
165	87
166	87
167	87
168	87
23	88
24	88
25	88
26	88
27	88
28	88
29	88
30	88
31	88
32	88
33	88
34	88
35	88
36	88
37	88
38	88
39	88
40	88
41	88
42	88
43	88
44	88
45	88
46	88
47	88
48	88
49	88
50	88
51	88
52	88
53	88
54	88
55	88
56	88
57	88
58	88
59	88
60	88
61	88
62	88
63	88
64	88
65	88
66	88
67	88
68	88
69	88
70	88
71	88
72	88
73	88
74	88
75	88
76	88
77	88
78	88
79	88
80	88
81	88
82	88
83	88
84	88
85	88
86	88
87	88
88	88
89	88
90	88
91	88
92	88
93	88
94	88
95	88
96	88
97	88
98	88
99	88
100	88
101	88
102	88
103	88
104	88
105	88
106	88
107	88
108	88
109	88
110	88
111	88
112	88
113	88
114	88
115	88
116	88
117	88
118	88
119	88
120	88
121	88
122	88
123	88
124	88
125	88
126	88
127	88
128	88
129	88
130	88
131	88
132	88
133	88
134	88
135	88
136	88
137	88
138	88
139	88
140	88
141	88
142	88
143	88
144	88
145	88
146	88
147	88
148	88
149	88
150	88
151	88
152	88
153	88
154	88
155	88
156	88
157	88
158	88
159	88
160	88
161	88
162	88
163	88
164	88
165	88
167	88
168	88
24	89
25	89
26	89
27	89
28	89
29	89
30	89
31	89
32	89
33	89
34	89
35	89
36	89
37	89
38	89
39	89
40	89
41	89
42	89
43	89
44	89
45	89
46	89
47	89
48	89
49	89
50	89
51	89
52	89
53	89
54	89
55	89
56	89
57	89
58	89
59	89
60	89
61	89
62	89
63	89
64	89
65	89
66	89
67	89
68	89
69	89
70	89
71	89
72	89
73	89
74	89
75	89
76	89
77	89
78	89
79	89
80	89
81	89
82	89
83	89
84	89
85	89
86	89
87	89
88	89
89	89
90	89
91	89
92	89
93	89
94	89
95	89
96	89
97	89
98	89
99	89
100	89
101	89
102	89
103	89
104	89
105	89
106	89
107	89
108	89
109	89
110	89
111	89
112	89
113	89
114	89
115	89
116	89
117	89
118	89
119	89
120	89
121	89
122	89
123	89
124	89
125	89
126	89
127	89
128	89
129	89
130	89
131	89
132	89
133	89
134	89
135	89
136	89
137	89
138	89
139	89
140	89
141	89
142	89
143	89
144	89
145	89
146	89
147	89
148	89
149	89
150	89
151	89
152	89
153	89
154	89
155	89
156	89
157	89
158	89
159	89
160	89
161	89
162	89
163	89
164	89
167	89
168	89
24	90
25	90
26	90
27	90
28	90
29	90
30	90
31	90
32	90
33	90
34	90
35	90
36	90
37	90
38	90
39	90
40	90
41	90
42	90
43	90
44	90
45	90
46	90
47	90
48	90
49	90
50	90
51	90
52	90
53	90
54	90
55	90
56	90
57	90
58	90
59	90
60	90
61	90
62	90
63	90
64	90
65	90
66	90
67	90
68	90
69	90
70	90
71	90
72	90
73	90
74	90
75	90
76	90
77	90
78	90
79	90
80	90
81	90
82	90
83	90
84	90
85	90
86	90
87	90
88	90
89	90
90	90
91	90
92	90
93	90
94	90
95	90
96	90
97	90
98	90
99	90
100	90
101	90
102	90
103	90
104	90
105	90
106	90
107	90
108	90
109	90
110	90
111	90
112	90
113	90
114	90
115	90
116	90
117	90
118	90
119	90
120	90
121	90
122	90
123	90
124	90
125	90
126	90
127	90
128	90
129	90
130	90
131	90
132	90
133	90
134	90
135	90
136	90
137	90
138	90
139	90
140	90
141	90
142	90
143	90
144	90
145	90
146	90
147	90
148	90
149	90
150	90
151	90
152	90
153	90
154	90
155	90
156	90
157	90
158	90
159	90
160	90
161	90
162	90
163	90
164	90
165	90
166	90
167	90
24	91
25	91
26	91
27	91
28	91
29	91
30	91
31	91
32	91
33	91
34	91
35	91
36	91
37	91
38	91
39	91
40	91
41	91
42	91
43	91
44	91
45	91
46	91
47	91
48	91
49	91
50	91
51	91
52	91
53	91
54	91
55	91
56	91
57	91
58	91
59	91
60	91
61	91
62	91
63	91
64	91
65	91
66	91
67	91
68	91
69	91
70	91
71	91
72	91
73	91
74	91
75	91
76	91
77	91
78	91
79	91
80	91
81	91
82	91
83	91
84	91
85	91
86	91
87	91
88	91
89	91
90	91
91	91
92	91
93	91
94	91
95	91
96	91
97	91
98	91
99	91
100	91
101	91
102	91
103	91
104	91
105	91
106	91
107	91
108	91
109	91
110	91
111	91
112	91
113	91
114	91
115	91
116	91
117	91
118	91
119	91
120	91
121	91
122	91
123	91
124	91
125	91
126	91
127	91
128	91
129	91
130	91
131	91
132	91
133	91
134	91
135	91
136	91
137	91
138	91
139	91
140	91
141	91
142	91
143	91
144	91
145	91
146	91
147	91
148	91
149	91
150	91
151	91
152	91
153	91
154	91
155	91
156	91
157	91
158	91
159	91
160	91
161	91
162	91
163	91
164	91
165	91
166	91
167	91
25	92
26	92
27	92
28	92
29	92
30	92
31	92
32	92
33	92
34	92
35	92
36	92
37	92
38	92
39	92
40	92
41	92
42	92
43	92
44	92
45	92
46	92
47	92
48	92
49	92
50	92
51	92
52	92
53	92
54	92
55	92
56	92
57	92
58	92
59	92
60	92
61	92
62	92
63	92
64	92
65	92
66	92
67	92
68	92
69	92
70	92
71	92
72	92
73	92
74	92
75	92
76	92
77	92
78	92
79	92
80	92
81	92
82	92
83	92
84	92
85	92
86	92
87	92
88	92
89	92
90	92
91	92
92	92
93	92
94	92
95	92
96	92
97	92
98	92
99	92
100	92
101	92
102	92
103	92
104	92
105	92
106	92
107	92
108	92
109	92
110	92
111	92
112	92
113	92
114	92
115	92
116	92
117	92
118	92
119	92
120	92
121	92
122	92
123	92
124	92
125	92
126	92
127	92
128	92
129	92
130	92
131	92
132	92
133	92
134	92
135	92
136	92
137	92
138	92
139	92
140	92
141	92
142	92
143	92
144	92
145	92
146	92
147	92
148	92
149	92
150	92
151	92
152	92
153	92
154	92
155	92
156	92
157	92
158	92
159	92
160	92
161	92
162	92
163	92
164	92
165	92
166	92
25	93
26	93
27	93
28	93
29	93
30	93
31	93
32	93
33	93
34	93
35	93
36	93
37	93
38	93
39	93
40	93
41	93
42	93
43	93
44	93
45	93
46	93
47	93
48	93
49	93
50	93
51	93
52	93
53	93
54	93
55	93
56	93
57	93
58	93
59	93
60	93
61	93
62	93
63	93
64	93
65	93
66	93
67	93
68	93
69	93
70	93
71	93
72	93
73	93
74	93
75	93
76	93
77	93
78	93
79	93
80	93
81	93
82	93
83	93
84	93
85	93
86	93
87	93
88	93
89	93
90	93
91	93
92	93
93	93
94	93
95	93
96	93
97	93
98	93
99	93
100	93
101	93
102	93
103	93
104	93
105	93
106	93
107	93
108	93
109	93
110	93
111	93
112	93
113	93
114	93
115	93
116	93
118	93
119	93
120	93
121	93
122	93
123	93
124	93
125	93
126	93
127	93
128	93
129	93
130	93
131	93
132	93
133	93
134	93
135	93
136	93
137	93
138	93
139	93
140	93
141	93
142	93
143	93
144	93
145	93
146	93
147	93
148	93
149	93
150	93
151	93
152	93
153	93
154	93
155	93
156	93
157	93
158	93
159	93
160	93
161	93
162	93
163	93
164	93
165	93
166	93
25	94
26	94
27	94
28	94
29	94
30	94
31	94
32	94
33	94
34	94
35	94
36	94
37	94
38	94
39	94
40	94
41	94
42	94
43	94
44	94
45	94
46	94
47	94
48	94
49	94
50	94
51	94
52	94
53	94
54	94
55	94
56	94
57	94
58	94
59	94
60	94
61	94
62	94
63	94
64	94
65	94
66	94
67	94
68	94
69	94
70	94
71	94
72	94
73	94
74	94
75	94
76	94
77	94
78	94
79	94
80	94
81	94
82	94
83	94
84	94
85	94
86	94
87	94
88	94
89	94
90	94
91	94
92	94
93	94
94	94
95	94
96	94
97	94
98	94
99	94
100	94
101	94
102	94
103	94
104	94
105	94
106	94
107	94
108	94
109	94
110	94
111	94
112	94
113	94
114	94
115	94
116	94
118	94
122	94
123	94
124	94
125	94
126	94
127	94
128	94
129	94
130	94
131	94
132	94
133	94
134	94
135	94
136	94
137	94
138	94
139	94
140	94
141	94
142	94
143	94
144	94
145	94
146	94
147	94
148	94
149	94
150	94
151	94
152	94
153	94
154	94
155	94
156	94
157	94
158	94
159	94
160	94
161	94
162	94
163	94
164	94
165	94
25	95
26	95
27	95
28	95
29	95
30	95
31	95
32	95
33	95
34	95
35	95
36	95
37	95
38	95
39	95
40	95
41	95
42	95
43	95
44	95
45	95
46	95
47	95
48	95
49	95
50	95
51	95
52	95
53	95
54	95
55	95
56	95
57	95
58	95
59	95
60	95
61	95
62	95
63	95
64	95
65	95
66	95
67	95
68	95
69	95
70	95
71	95
72	95
73	95
74	95
75	95
76	95
77	95
78	95
79	95
80	95
81	95
82	95
83	95
84	95
85	95
86	95
87	95
88	95
89	95
90	95
91	95
92	95
93	95
94	95
95	95
96	95
97	95
98	95
99	95
100	95
101	95
102	95
103	95
104	95
105	95
106	95
107	95
108	95
109	95
110	95
111	95
112	95
113	95
114	95
115	95
116	95
117	95
122	95
123	95
124	95
125	95
126	95
127	95
128	95
129	95
130	95
131	95
132	95
133	95
134	95
135	95
136	95
137	95
138	95
139	95
140	95
141	95
142	95
143	95
144	95
145	95
146	95
147	95
148	95
149	95
150	95
151	95
152	95
153	95
154	95
155	95
156	95
157	95
158	95
159	95
160	95
161	95
162	95
163	95
164	95
165	95
26	96
27	96
28	96
29	96
30	96
31	96
32	96
33	96
34	96
35	96
36	96
37	96
38	96
39	96
40	96
41	96
42	96
43	96
44	96
45	96
46	96
47	96
48	96
49	96
50	96
51	96
52	96
53	96
54	96
55	96
56	96
57	96
58	96
59	96
60	96
61	96
62	96
63	96
64	96
65	96
66	96
67	96
68	96
69	96
70	96
71	96
72	96
73	96
74	96
75	96
76	96
77	96
78	96
79	96
80	96
81	96
82	96
83	96
84	96
85	96
86	96
87	96
88	96
89	96
90	96
91	96
92	96
93	96
94	96
95	96
96	96
97	96
98	96
99	96
100	96
101	96
102	96
103	96
104	96
105	96
106	96
107	96
108	96
109	96
110	96
111	96
112	96
113	96
114	96
115	96
122	96
123	96
124	96
125	96
126	96
127	96
128	96
129	96
130	96
131	96
132	96
133	96
134	96
135	96
136	96
137	96
138	96
139	96
140	96
141	96
142	96
143	96
144	96
145	96
146	96
147	96
148	96
149	96
150	96
151	96
152	96
153	96
154	96
155	96
156	96
157	96
158	96
159	96
160	96
161	96
162	96
163	96
164	96
26	97
27	97
28	97
29	97
30	97
31	97
32	97
33	97
34	97
35	97
36	97
37	97
38	97
39	97
40	97
41	97
42	97
43	97
44	97
45	97
46	97
47	97
48	97
49	97
50	97
51	97
52	97
53	97
54	97
55	97
56	97
57	97
58	97
59	97
60	97
61	97
62	97
63	97
64	97
65	97
66	97
67	97
68	97
69	97
70	97
71	97
72	97
73	97
74	97
75	97
76	97
77	97
78	97
79	97
80	97
81	97
82	97
83	97
84	97
85	97
86	97
87	97
88	97
89	97
90	97
91	97
92	97
93	97
94	97
95	97
96	97
97	97
98	97
99	97
100	97
101	97
102	97
103	97
104	97
105	97
106	97
107	97
108	97
109	97
110	97
111	97
112	97
114	97
123	97
124	97
125	97
126	97
127	97
128	97
129	97
130	97
131	97
132	97
133	97
134	97
135	97
136	97
137	97
138	97
139	97
140	97
141	97
142	97
143	97
144	97
145	97
146	97
147	97
148	97
149	97
150	97
151	97
152	97
153	97
154	97
155	97
156	97
157	97
158	97
159	97
160	97
161	97
162	97
163	97
164	97
27	98
28	98
29	98
30	98
31	98
32	98
33	98
34	98
35	98
36	98
37	98
38	98
39	98
40	98
41	98
42	98
43	98
44	98
45	98
46	98
47	98
48	98
49	98
50	98
51	98
52	98
53	98
54	98
55	98
56	98
57	98
58	98
59	98
60	98
61	98
62	98
63	98
64	98
65	98
66	98
67	98
68	98
69	98
70	98
71	98
72	98
73	98
74	98
75	98
76	98
77	98
78	98
79	98
80	98
81	98
82	98
83	98
84	98
85	98
86	98
87	98
88	98
89	98
90	98
91	98
92	98
93	98
94	98
95	98
96	98
97	98
98	98
99	98
100	98
101	98
102	98
103	98
104	98
105	98
106	98
107	98
108	98
109	98
110	98
111	98
112	98
113	98
125	98
126	98
127	98
128	98
129	98
130	98
131	98
132	98
133	98
134	98
135	98
136	98
137	98
138	98
139	98
140	98
141	98
142	98
143	98
144	98
145	98
146	98
147	98
148	98
149	98
150	98
151	98
152	98
153	98
154	98
155	98
156	98
157	98
158	98
159	98
160	98
161	98
162	98
163	98
164	98
27	99
28	99
29	99
30	99
31	99
32	99
33	99
34	99
35	99
36	99
37	99
38	99
39	99
40	99
41	99
42	99
43	99
44	99
45	99
46	99
47	99
48	99
49	99
50	99
51	99
52	99
53	99
54	99
55	99
56	99
57	99
58	99
59	99
60	99
61	99
62	99
63	99
64	99
65	99
66	99
67	99
68	99
69	99
70	99
71	99
72	99
73	99
74	99
75	99
76	99
77	99
78	99
79	99
80	99
81	99
82	99
83	99
84	99
85	99
86	99
87	99
88	99
89	99
90	99
91	99
92	99
93	99
94	99
95	99
96	99
97	99
98	99
99	99
100	99
101	99
102	99
103	99
104	99
105	99
106	99
107	99
108	99
109	99
110	99
111	99
127	99
128	99
129	99
130	99
131	99
132	99
133	99
134	99
135	99
136	99
137	99
138	99
139	99
140	99
141	99
142	99
143	99
144	99
145	99
146	99
147	99
148	99
149	99
150	99
151	99
152	99
153	99
154	99
155	99
156	99
157	99
158	99
159	99
160	99
161	99
162	99
163	99
164	99
28	100
29	100
30	100
31	100
32	100
33	100
34	100
35	100
36	100
37	100
38	100
39	100
40	100
41	100
42	100
43	100
44	100
45	100
46	100
47	100
48	100
49	100
50	100
51	100
52	100
53	100
54	100
55	100
56	100
57	100
58	100
59	100
60	100
61	100
62	100
63	100
64	100
65	100
66	100
67	100
68	100
69	100
70	100
71	100
72	100
73	100
74	100
75	100
76	100
77	100
78	100
79	100
80	100
81	100
82	100
83	100
84	100
85	100
86	100
87	100
88	100
89	100
90	100
91	100
92	100
93	100
94	100
95	100
96	100
97	100
98	100
99	100
100	100
101	100
102	100
103	100
104	100
105	100
106	100
107	100
108	100
109	100
130	100
131	100
132	100
133	100
134	100
135	100
136	100
137	100
138	100
139	100
140	100
141	100
142	100
143	100
144	100
145	100
146	100
147	100
148	100
149	100
150	100
151	100
152	100
153	100
156	100
157	100
158	100
159	100
160	100
161	100
162	100
163	100
164	100
28	101
29	101
30	101
31	101
32	101
33	101
34	101
35	101
36	101
37	101
38	101
39	101
40	101
41	101
42	101
43	101
44	101
45	101
46	101
47	101
48	101
49	101
50	101
51	101
52	101
53	101
54	101
55	101
56	101
57	101
58	101
59	101
60	101
61	101
62	101
63	101
64	101
65	101
66	101
67	101
68	101
69	101
70	101
71	101
72	101
73	101
74	101
75	101
76	101
77	101
78	101
79	101
80	101
81	101
82	101
83	101
84	101
85	101
86	101
87	101
88	101
89	101
90	101
91	101
92	101
93	101
94	101
95	101
96	101
97	101
98	101
99	101
100	101
101	101
102	101
103	101
106	101
133	101
134	101
135	101
136	101
137	101
138	101
139	101
140	101
141	101
142	101
143	101
144	101
145	101
146	101
147	101
148	101
149	101
150	101
151	101
152	101
153	101
157	101
158	101
159	101
160	101
161	101
162	101
163	101
29	102
30	102
31	102
32	102
33	102
34	102
35	102
36	102
37	102
38	102
39	102
40	102
41	102
42	102
43	102
44	102
45	102
46	102
47	102
48	102
49	102
50	102
51	102
52	102
53	102
54	102
55	102
56	102
57	102
58	102
59	102
60	102
61	102
62	102
63	102
64	102
65	102
66	102
67	102
68	102
69	102
70	102
71	102
72	102
73	102
74	102
75	102
76	102
77	102
78	102
79	102
80	102
81	102
82	102
83	102
84	102
85	102
86	102
87	102
88	102
89	102
90	102
91	102
92	102
93	102
94	102
95	102
96	102
97	102
98	102
99	102
100	102
101	102
102	102
103	102
138	102
139	102
140	102
141	102
147	102
148	102
149	102
150	102
151	102
152	102
153	102
160	102
161	102
162	102
29	103
30	103
31	103
32	103
33	103
34	103
35	103
36	103
37	103
38	103
39	103
40	103
41	103
42	103
43	103
44	103
45	103
46	103
47	103
48	103
49	103
50	103
51	103
52	103
53	103
54	103
55	103
56	103
57	103
58	103
59	103
60	103
61	103
62	103
63	103
64	103
65	103
66	103
67	103
68	103
69	103
70	103
71	103
72	103
73	103
74	103
75	103
76	103
77	103
78	103
79	103
80	103
81	103
82	103
83	103
84	103
85	103
86	103
87	103
88	103
89	103
90	103
91	103
92	103
93	103
94	103
95	103
96	103
97	103
98	103
99	103
100	103
101	103
102	103
103	103
104	103
148	103
149	103
150	103
151	103
152	103
153	103
30	104
31	104
32	104
33	104
34	104
35	104
36	104
37	104
38	104
39	104
40	104
41	104
42	104
43	104
44	104
45	104
46	104
47	104
48	104
49	104
50	104
51	104
52	104
53	104
54	104
55	104
56	104
57	104
58	104
59	104
60	104
61	104
62	104
63	104
64	104
65	104
66	104
67	104
68	104
69	104
70	104
71	104
73	104
74	104
75	104
76	104
77	104
78	104
79	104
80	104
81	104
82	104
83	104
84	104
85	104
86	104
87	104
88	104
89	104
90	104
91	104
92	104
93	104
94	104
95	104
96	104
97	104
98	104
99	104
100	104
101	104
102	104
103	104
104	104
105	104
150	104
151	104
152	104
153	104
31	105
32	105
33	105
34	105
35	105
36	105
37	105
38	105
39	105
40	105
41	105
42	105
43	105
44	105
45	105
46	105
47	105
48	105
49	105
50	105
51	105
52	105
53	105
54	105
55	105
56	105
57	105
58	105
59	105
60	105
61	105
62	105
63	105
64	105
65	105
66	105
67	105
68	105
69	105
70	105
73	105
74	105
75	105
76	105
77	105
78	105
79	105
80	105
83	105
84	105
85	105
86	105
87	105
88	105
97	105
98	105
99	105
100	105
101	105
102	105
103	105
104	105
105	105
106	105
107	105
32	106
33	106
34	106
35	106
36	106
37	106
38	106
39	106
40	106
41	106
42	106
43	106
44	106
45	106
46	106
47	106
48	106
49	106
50	106
51	106
52	106
53	106
54	106
55	106
56	106
57	106
58	106
59	106
60	106
61	106
62	106
63	106
64	106
65	106
66	106
67	106
68	106
69	106
70	106
71	106
72	106
73	106
74	106
75	106
76	106
77	106
80	106
81	106
82	106
99	106
100	106
101	106
102	106
103	106
104	106
105	106
106	106
107	106
108	106
33	107
34	107
35	107
36	107
37	107
38	107
39	107
40	107
41	107
42	107
43	107
44	107
45	107
46	107
47	107
48	107
49	107
50	107
51	107
52	107
53	107
54	107
55	107
56	107
57	107
58	107
59	107
60	107
61	107
62	107
63	107
64	107
65	107
66	107
67	107
68	107
69	107
70	107
71	107
72	107
73	107
74	107
75	107
76	107
77	107
78	107
79	107
100	107
101	107
102	107
103	107
104	107
105	107
106	107
107	107
108	107
34	108
35	108
36	108
37	108
38	108
39	108
40	108
41	108
42	108
43	108
44	108
45	108
46	108
47	108
48	108
49	108
50	108
51	108
52	108
53	108
54	108
55	108
56	108
57	108
58	108
59	108
60	108
61	108
62	108
63	108
64	108
65	108
66	108
67	108
68	108
69	108
101	108
102	108
103	108
104	108
105	108
106	108
107	108
108	108
37	109
38	109
39	109
40	109
41	109
42	109
43	109
44	109
45	109
46	109
47	109
48	109
49	109
50	109
51	109
52	109
53	109
54	109
55	109
56	109
57	109
58	109
59	109
60	109
61	109
62	109
63	109
64	109
65	109
66	109
67	109
102	109
103	109
104	109
105	109
106	109
107	109
108	109
109	109
110	109
38	110
39	110
40	110
41	110
42	110
43	110
44	110
45	110
46	110
47	110
48	110
49	110
50	110
51	110
52	110
53	110
54	110
55	110
56	110
57	110
58	110
59	110
60	110
61	110
62	110
63	110
64	110
65	110
66	110
103	110
104	110
105	110
106	110
107	110
108	110
111	110
41	111
42	111
43	111
44	111
45	111
46	111
47	111
48	111
49	111
50	111
51	111
52	111
53	111
54	111
55	111
56	111
57	111
58	111
59	111
60	111
61	111
62	111
63	111
64	111
104	111
105	111
106	111
107	111
108	111
109	111
110	111
111	111
45	112
46	112
47	112
48	112
49	112
50	112
51	112
52	112
53	112
54	112
55	112
56	112
57	112
58	112
59	112
60	112
61	112
105	112
106	112
107	112
108	112
109	112
110	112
111	112
106	113
107	113
108	113
109	113
110	113
111	113
106	114
107	114
108	114
109	114
110	114
111	114
107	115
108	115
109	115
110	115
111	115
112	115
107	116
108	116
109	116
110	116
111	116
112	116
108	117
109	117
110	117
111	117
112	117
108	118
109	118
110	118
111	118
112	118
108	119
109	119
110	119
111	119
112	119
109	120
110	120
111	120
112	120
109	121
110	121
111	121
112	121
113	121
109	122
110	122
111	122
112	122
110	123
111	123
112	123
110	124
111	124
112	124
113	124
110	125
111	125
112	125
113	125
111	126
112	126
113	126
114	126
111	127
112	127
113	127
114	127
112	128
113	128
114	128
115	128
116	128
114	129
115	129
116	129
115	130
116	130
117	130
118	130