113	53
115	54
105	55
75	56
126	56
104	57
70	58
118	58
79	59
125	59
87	60
127	60
82	61
125	61
72	62
114	62
60	63
101	63
141	63
85	64
125	64
68	65
108	65
49	66
89	66
129	66
67	67
107	67
147	67
81	68
121	68
53	69
93	69
133	69
62	70
102	70
142	70
64	71
104	71
144	71
65	72
105	72
145	72
64	73
104	73
144	73
62	74
102	74
142	74
59	75
99	75
139	75
55	76
95	76
135	76
46	77
86	77
126	77
166	77
73	78
113	78
153	78
57	79
97	79
137	79
177	79
77	80
117	80
157	80
56	81
96	81
136	81
176	81
74	82
114	82
154	82
223	82
75	83
115	83
155	83
222	83
70	84
110	84
150	84
190	84
52	85
92	85
132	85
172	85
212	85
55	86
95	86
135	86
175	86
215	86
59	87
99	87
139	87
179	87
219	87
65	88
105	88
145	88
185	88
225	88
72	89
112	89
152	89
192	89
232	89
80	90
120	90
160	90
200	90
240	90
90	91
130	91
170	91
210	91
64	92
104	92
144	92
184	92
224	92
78	93
118	93
158	93
198	93
238	93
93	94
133	94
173	94
213	94
69	95
109	95
149	95
189	95
229	95
87	96
127	96
167	96
207	96
65	97
105	97
145	97
185	97
225	97
84	98
124	98
164	98
204	98
62	99
102	99
142	99
182	99
222	99
81	100
121	100
161	100
201	100
61	101
101	101
141	101
181	101
221	101
82	102
122	102
162	102
202	102
63	103
103	103
143	103
183	103
223	103
84	104
124	104
164	104
204	104
67	105
107	105
147	105
187	105
227	105
89	106
129	106
169	106
209	106
70	107
110	107
150	107
190	107
230	107
91	108
131	108
171	108
211	108
74	109
114	109
154	109
194	109
234	109
98	110
138	110
178	110
218	110
83	111
123	111
163	111
203	111
68	112
108	112
148	112
188	112
228	112
94	113
134	113
174	113
214	113
80	114
120	114
160	114
200	114
67	115
107	115
147	115
187	115
227	115
95	116
135	116
175	116
215	116
84	117
124	117
164	117
204	117
73	118
113	118
153	118
193	118
62	119
102	119
142	119
182	119
222	119
91	120
131	120
171	120
211	120
81	121
121	121
161	121
201	121
72	122
112	122
152	122
192	122
64	123
104	123
144	123
184	123
224	123
95	124
135	124
175	124
215	124
85	125
125	125
165	125
205	125
75	126
115	126
155	126
195	126
70	127
110	127
150	127
190	127
67	128
107	128
147	128
187	128
227	128
104	129
144	129
184	129
224	129
100	130
140	130
180	130
220	130
95	131
135	131
175	131
215	131
91	132
131	132
171	132
211	132
89	133
129	133
169	133
209	133
89	134
129	134
169	134
209	134
91	135
131	135
171	135
211	135
95	136
135	136
175	136
215	136
101	137
141	137
181	137
221	137
109	138
149	138
189	138
78	139
118	139
158	139
198	139
88	140
128	140
168	140
208	140
98	141
138	141
178	141
218	141
109	142
149	142
189	142
81	143
121	143
161	143
201	143
95	144
135	144
175	144
215	144
113	145
153	145
193	145
91	146
131	146
171	146
211	146
110	147
150	147
190	147
90	148
130	148
170	148
210	148
112	149
152	149
192	149
95	150
135	150
175	150
215	150
118	151
158	151
198	151
101	152
141	152
181	152
84	153
124	153
164	153
204	153
109	154
149	154
189	154
95	155
135	155
175	155
215	155
123	156
163	156
203	156
112	157
152	157
192	157
102	158
142	158
182	158
92	159
132	159
172	159
212	159
125	160
165	160
205	160
121	161
161	161
201	161
118	162
158	162
198	162
114	163
154	163
194	163
109	164
149	164
189	164
105	165
145	165
185	165
105	166
145	166
185	166
107	167
147	167
187	167
110	168
150	168
190	168
117	169
157	169
197	169
126	170
166	170
206	170
135	171
175	171
215	171
145	172
185	172
115	173
155	173
195	173
127	174
167	174
207	174
144	175
184	175
124	176
164	176
204	176
147	177
187	177
132	178
172	178
122	179
162	179
121	180
161	180
120	181
160	181
119	182
159	182
118	183
158	183
119	184
159	184
121	185
161	185
125	186
165	186
131	187
171	187
139	188
179	188
149	189
189	189
160	190
133	191
173	191
148	192
188	192
165	193
145	194
185	194
167	195
150	196
133	197
173	197
157	198
143	199
183	199
171	200
160	201
149	202
138	203
178	203
168	204
160	205
154	206
150	207
148	208
148	209
148	210
147	211
145	212
143	213
142	214
145	215
150	216
156	217
163	218
170	219
149	221
162	222
154	224
152	226
151	228
149	232