111	52
69	53
100	53
113	53
66	54
76	54
105	54
115	54
62	55
72	55
95	55
105	55
115	55
125	55
65	56
75	56
96	56
106	56
116	56
126	56
64	57
74	57
94	57
104	57
114	57
124	57
60	58
70	58
80	58
98	58
108	58
118	58
128	58
59	59
69	59
79	59
95	59
105	59
115	59
125	59
52	60
62	60
72	60
87	60
97	60
107	60
117	60
127	60
52	61
62	61
72	61
82	61
95	61
105	61
115	61
125	61
135	61
52	62
62	62
72	62
82	62
94	62
104	62
114	62
124	62
134	62
144	62
60	63
70	63
80	63
91	63
101	63
111	63
121	63
131	63
141	63
55	64
65	64
75	64
85	64
95	64
105	64
115	64
125	64
135	64
145	64
58	65
68	65
78	65
88	65
98	65
108	65
118	65
128	65
138	65
49	66
59	66
69	66
79	66
89	66
99	66
109	66
119	66
129	66
139	66
149	66
57	67
67	67
77	67
87	67
97	67
107	67
117	67
127	67
137	67
147	67
51	68
61	68
71	68
81	68
91	68
101	68
111	68
121	68
131	68
141	68
151	68
53	69
63	69
73	69
83	69
93	69
103	69
113	69
123	69
133	69
143	69
153	69
52	70
62	70
72	70
82	70
92	70
102	70
112	70
122	70
132	70
142	70
152	70
162	70
54	71
64	71
74	71
84	71
94	71
104	71
114	71
124	71
134	71
144	71
154	71
164	71
55	72
65	72
75	72
85	72
95	72
105	72
115	72
125	72
135	72
145	72
155	72
165	72
54	73
64	73
74	73
84	73
94	73
104	73
114	73
124	73
134	73
144	73
154	73
164	73
52	74
62	74
72	74
82	74
92	74
102	74
112	74
122	74
132	74
142	74
152	74
162	74
49	75
59	75
69	75
79	75
89	75
99	75
109	75
119	75
129	75
139	75
149	75
159	75
169	75
55	76
65	76
75	76
85	76
95	76
105	76
115	76
125	76
135	76
145	76
155	76
165	76
46	77
56	77
66	77
76	77
86	77
96	77
106	77
116	77
126	77
136	77
146	77
156	77
166	77
178	77
53	78
63	78
73	78
83	78
93	78
103	78
113	78
123	78
133	78
143	78
153	78
163	78
173	78
47	79
57	79
67	79
77	79
87	79
97	79
107	79
117	79
127	79
137	79
147	79
157	79
167	79
177	79
47	80
57	80
67	80
77	80
87	80
97	80
107	80
117	80
127	80
137	80
147	80
157	80
167	80
177	80
46	81
56	81
66	81
76	81
86	81
96	81
106	81
116	81
126	81
136	81
146	81
156	81
166	81
176	81
186	81
54	82
64	82
74	82
84	82
94	82
104	82
114	82
124	82
134	82
144	82
154	82
164	82
174	82
184	82
223	82
238	82
55	83
65	83
75	83
85	83
95	83
105	83
115	83
125	83
135	83
145	83
155	83
165	83
175	83
185	83
222	83
234	83
50	84
60	84
70	84
80	84
90	84
100	84
110	84
120	84
130	84
140	84
150	84
160	84
170	84
180	84
190	84
217	84
227	84
237	84
52	85
62	85
72	85
82	85
92	85
102	85
112	85
122	85
132	85
142	85
152	85
162	85
172	85
182	85
192	85
202	85
212	85
222	85
232	85
242	85
55	86
65	86
75	86
85	86
95	86
105	86
115	86
125	86
135	86
145	86
155	86
165	86
175	86
185	86
195	86
205	86
215	86
225	86
235	86
49	87
59	87
69	87
79	87
89	87
99	87
109	87
119	87
129	87
139	87
149	87
159	87
169	87
179	87
189	87
199	87
209	87
219	87
229	87
239	87
55	88
65	88
75	88
85	88
95	88
105	88
115	88
125	88
135	88
145	88
155	88
165	88
175	88
185	88
195	88
205	88
215	88
225	88
235	88
52	89
62	89
72	89
82	89
92	89
102	89
112	89
122	89
132	89
142	89
152	89
162	89
172	89
182	89
192	89
202	89
212	89
222	89
232	89
242	89
60	90
70	90
80	90
90	90
100	90
110	90
120	90
130	90
140	90
150	90
160	90
170	90
180	90
190	90
200	90
210	90
220	90
230	90
240	90
60	91
70	91
80	91
90	91
100	91
110	91
120	91
130	91
140	91
150	91
160	91
170	91
180	91
190	91
200	91
210	91
220	91
230	91
240	91
64	92
74	92
84	92
94	92
104	92
114	92
124	92
134	92
144	92
154	92
164	92
174	92
184	92
194	92
204	92
214	92
224	92
234	92
58	93
68	93
78	93
88	93
98	93
108	93
118	93
128	93
138	93
148	93
158	93
168	93
178	93
188	93
198	93
208	93
218	93
228	93
238	93
63	94
73	94
83	94
93	94
103	94
113	94
123	94
133	94
143	94
153	94
163	94
173	94
183	94
193	94
203	94
213	94
223	94
233	94
59	95
69	95
79	95
89	95
99	95
109	95
119	95
129	95
139	95
149	95
159	95
169	95
179	95
189	95
199	95
209	95
219	95
229	95
239	95
67	96
77	96
87	96
97	96
107	96
117	96
127	96
137	96
147	96
157	96
167	96
177	96
187	96
197	96
207	96
217	96
227	96
237	96
65	97
75	97
85	97
95	97
105	97
115	97
125	97
135	97
145	97
155	97
165	97
175	97
185	97
195	97
205	97
215	97
225	97
235	97
64	98
74	98
84	98
94	98
104	98
114	98
124	98
134	98
144	98
154	98
164	98
174	98
184	98
194	98
204	98
214	98
224	98
234	98
62	99
72	99
82	99
92	99
102	99
112	99
122	99
132	99
142	99
152	99
162	99
172	99
182	99
192	99
202	99
212	99
222	99
232	99
61	100
71	100
81	100
91	100
101	100
111	100
121	100
131	100
141	100
151	100
161	100
171	100
181	100
191	100
201	100
211	100
221	100
231	100
61	101
71	101
81	101
91	101
101	101
111	101
121	101
131	101
141	101
151	101
161	101
171	101
181	101
191	101
201	101
211	101
221	101
231	101
62	102
72	102
82	102
92	102
102	102
112	102
122	102
132	102
142	102
152	102
162	102
172	102
182	102
192	102
202	102
212	102
222	102
232	102
63	103
73	103
83	103
93	103
103	103
113	103
123	103
133	103
143	103
153	103
163	103
173	103
183	103
193	103
203	103
213	103
223	103
233	103
64	104
74	104
84	104
94	104
104	104
114	104
124	104
134	104
144	104
154	104
164	104
174	104
184	104
194	104
204	104
214	104
224	104
234	104
67	105
77	105
87	105
97	105
107	105
117	105
127	105
137	105
147	105
157	105
167	105
177	105
187	105
197	105
207	105
217	105
227	105
59	106
69	106
79	106
89	106
99	106
109	106
119	106
129	106
139	106
149	106
159	106
169	106
179	106
189	106
199	106
209	106
219	106
229	106
60	107
70	107
80	107
90	107
100	107
110	107
120	107
130	107
140	107
150	107
160	107
170	107
180	107
190	107
200	107
210	107
220	107
230	107
61	108
71	108
81	108
91	108
101	108
111	108
121	108
131	108
141	108
151	108
161	108
171	108
181	108
191	108
201	108
211	108
221	108
231	108
64	109
74	109
84	109
94	109
104	109
114	109
124	109
134	109
144	109
154	109
164	109
174	109
184	109
194	109
204	109
214	109
224	109
234	109
68	110
78	110
88	110
98	110
108	110
118	110
128	110
138	110
148	110
158	110
168	110
178	110
188	110
198	110
208	110
218	110
228	110
63	111
73	111
83	111
93	111
103	111
113	111
123	111
133	111
143	111
153	111
163	111
173	111
183	111
193	111
203	111
213	111
223	111
233	111
68	112
78	112
88	112
98	112
108	112
118	112
128	112
138	112
148	112
158	112
168	112
178	112
188	112
198	112
208	112
218	112
228	112
64	113
74	113
84	113
94	113
104	113
114	113
124	113
134	113
144	113
154	113
164	113
174	113
184	113
194	113
204	113
214	113
224	113
234	113
70	114
80	114
90	114
100	114
110	114
120	114
130	114
140	114
150	114
160	114
170	114
180	114
190	114
200	114
210	114
220	114
230	114
67	115
77	115
87	115
97	115
107	115
117	115
127	115
137	115
147	115
157	115
167	115
177	115
187	115
197	115
207	115
217	115
227	115
65	116
75	116
85	116
95	116
105	116
115	116
125	116
135	116
145	116
155	116
165	116
175	116
185	116
195	116
205	116
215	116
225	116
64	117
74	117
84	117
94	117
104	117
114	117
124	117
134	117
144	117
154	117
164	117
174	117
184	117
194	117
204	117
214	117
224	117
63	118
73	118
83	118
93	118
103	118
113	118
123	118
133	118
143	118
153	118
163	118
173	118
183	118
193	118
203	118
213	118
223	118
62	119
72	119
82	119
92	119
102	119
112	119
122	119
132	119
142	119
152	119
162	119
172	119
182	119
192	119
202	119
212	119
222	119
61	120
71	120
81	120
91	120
101	120
111	120
121	120
131	120
141	120
151	120
161	120
171	120
181	120
191	120
201	120
211	120
221	120
61	121
71	121
81	121
91	121
101	121
111	121
121	121
131	121
141	121
151	121
161	121
171	121
181	121
191	121
201	121
211	121
221	121
62	122
72	122
82	122
92	122
102	122
112	122
122	122
132	122
142	122
152	122
162	122
172	122
182	122
192	122
202	122
212	122
222	122
64	123
74	123
84	123
94	123
104	123
114	123
124	123
134	123
144	123
154	123
164	123
174	123
184	123
194	123
204	123
214	123
224	123
65	124
75	124
85	124
95	124
105	124
115	124
125	124
135	124
145	124
155	124
165	124
175	124
185	124
195	124
205	124
215	124
225	124
65	125
75	125
85	125
95	125
105	125
115	125
125	125
135	125
145	125
155	125
165	125
175	125
185	125
195	125
205	125
215	125
225	125
65	126
75	126
85	126
95	126
105	126
115	126
125	126
135	126
145	126
155	126
165	126
175	126
185	126
195	126
205	126
215	126
225	126
70	127
80	127
90	127
100	127
110	127
120	127
130	127
140	127
150	127
160	127
170	127
180	127
190	127
200	127
210	127
220	127
67	128
77	128
87	128
97	128
107	128
117	128
127	128
137	128
147	128
157	128
167	128
177	128
187	128
197	128
207	128
217	128
227	128
74	129
84	129
94	129
104	129
114	129
124	129
134	129
144	129
154	129
164	129
174	129
184	129
194	129
204	129
214	129
224	129
70	130
80	130
90	130
100	130
110	130
120	130
130	130
140	130
150	130
160	130
170	130
180	130
190	130
200	130
210	130
220	130
65	131
75	131
85	131
95	131
105	131
115	131
125	131
135	131
145	131
155	131
165	131
175	131
185	131
195	131
205	131
215	131
225	131
71	132
81	132
91	132
101	132
111	132
121	132
131	132
141	132
151	132
161	132
171	132
181	132
191	132
201	132
211	132
221	132
69	133
79	133
89	133
99	133
109	133
119	133
129	133
139	133
149	133
159	133
169	133
179	133
189	133
199	133
209	133
219	133
69	134
79	134
89	134
99	134
109	134
119	134
129	134
139	134
149	134
159	134
169	134
179	134
189	134
199	134
209	134
219	134
71	135
81	135
91	135
101	135
111	135
121	135
131	135
141	135
151	135
161	135
171	135
181	135
191	135
201	135
211	135
221	135
75	136
85	136
95	136
105	136
115	136
125	136
135	136
145	136
155	136
165	136
175	136
185	136
195	136
205	136
215	136
71	137
81	137
91	137
101	137
111	137
121	137
131	137
141	137
151	137
161	137
171	137
181	137
191	137
201	137
211	137
221	137
79	138
89	138
99	138
109	138
119	138
129	138
139	138
149	138
159	138
169	138
179	138
189	138
199	138
209	138
219	138
78	139
88	139
98	139
108	139
118	139
128	139
138	139
148	139
158	139
168	139
178	139
188	139
198	139
208	139
218	139
78	140
88	140
98	140
108	140
118	140
128	140
138	140
148	140
158	140
168	140
178	140
188	140
198	140
208	140
218	140
78	141
88	141
98	141
108	141
118	141
128	141
138	141
148	141
158	141
168	141
178	141
188	141
198	141
208	141
218	141
79	142
89	142
99	142
109	142
119	142
129	142
139	142
149	142
159	142
169	142
179	142
189	142
199	142
209	142
219	142
81	143
91	143
101	143
111	143
121	143
131	143
141	143
151	143
161	143
171	143
181	143
191	143
201	143
211	143
75	144
85	144
95	144
105	144
115	144
125	144
135	144
145	144
155	144
165	144
175	144
185	144
195	144
205	144
215	144
83	145
93	145
103	145
113	145
123	145
133	145
143	145
153	145
163	145
173	145
183	145
193	145
203	145
213	145
81	146
91	146
101	146
111	146
121	146
131	146
141	146
151	146
161	146
171	146
181	146
191	146
201	146
211	146
80	147
90	147
100	147
110	147
120	147
130	147
140	147
150	147
160	147
170	147
180	147
190	147
200	147
210	147
80	148
90	148
100	148
110	148
120	148
130	148
140	148
150	148
160	148
170	148
180	148
190	148
200	148
210	148
82	149
92	149
102	149
112	149
122	149
132	149
142	149
152	149
162	149
172	149
182	149
192	149
202	149
212	149
85	150
95	150
105	150
115	150
125	150
135	150
145	150
155	150
165	150
175	150
185	150
195	150
205	150
215	150
88	151
98	151
108	151
118	151
128	151
138	151
148	151
158	151
168	151
178	151
188	151
198	151
208	151
218	151
91	152
101	152
111	152
121	152
131	152
141	152
151	152
161	152
171	152
181	152
191	152
201	152
211	152
84	153
94	153
104	153
114	153
124	153
134	153
144	153
154	153
164	153
174	153
184	153
194	153
204	153
214	153
89	154
99	154
109	154
119	154
129	154
139	154
149	154
159	154
169	154
179	154
189	154
199	154
209	154
219	154
95	155
105	155
115	155
125	155
135	155
145	155
155	155
165	155
175	155
185	155
195	155
205	155
215	155
93	156
103	156
113	156
123	156
133	156
143	156
153	156
163	156
173	156
183	156
193	156
203	156
213	156
92	157
102	157
112	157
122	157
132	157
142	157
152	157
162	157
172	157
182	157
192	157
202	157
212	157
92	158
102	158
112	158
122	158
132	158
142	158
152	158
162	158
172	158
182	158
192	158
202	158
212	158
92	159
102	159
112	159
122	159
132	159
142	159
152	159
162	159
172	159
182	159
192	159
202	159
212	159
95	160
105	160
115	160
125	160
135	160
145	160
155	160
165	160
175	160
185	160
195	160
205	160
215	160
101	161
111	161
121	161
131	161
141	161
151	161
161	161
171	161
181	161
191	161
201	161
211	161
221	161
108	162
118	162
128	162
138	162
148	162
158	162
168	162
178	162
188	162
198	162
208	162
218	162
104	163
114	163
124	163
134	163
144	163
154	163
164	163
174	163
184	163
194	163
204	163
214	163
99	164
109	164
119	164
129	164
139	164
149	164
159	164
169	164
179	164
189	164
199	164
209	164
219	164
105	165
115	165
125	165
135	165
145	165
155	165
165	165
175	165
185	165
195	165
205	165
215	165
105	166
115	166
125	166
135	166
145	166
155	166
165	166
175	166
185	166
195	166
205	166
215	166
107	167
117	167
127	167
137	167
147	167
157	167
167	167
177	167
187	167
197	167
207	167
217	167
110	168
120	168
130	168
140	168
150	168
160	168
170	168
180	168
190	168
200	168
210	168
220	168
117	169
127	169
137	169
147	169
157	169
167	169
177	169
187	169
197	169
207	169
217	169
116	170
126	170
136	170
146	170
156	170
166	170
176	170
186	170
196	170
206	170
216	170
115	171
125	171
135	171
145	171
155	171
165	171
175	171
185	171
195	171
205	171
215	171
115	172
125	172
135	172
145	172
155	172
165	172
175	172
185	172
195	172
205	172
215	172
115	173
125	173
135	173
145	173
155	173
165	173
175	173
185	173
195	173
205	173
215	173
117	174
127	174
137	174
147	174
157	174
167	174
177	174
187	174
197	174
207	174
114	175
124	175
134	175
144	175
154	175
164	175
174	175
184	175
194	175
204	175
214	175
124	176
134	176
144	176
154	176
164	176
174	176
184	176
194	176
204	176
117	177
127	177
137	177
147	177
157	177
167	177
177	177
187	177
197	177
207	177
122	178
132	178
142	178
152	178
162	178
172	178
182	178
192	178
204	178
122	179
132	179
142	179
152	179
162	179
172	179
182	179
192	179
121	180
131	180
141	180
151	180
161	180
171	180
181	180
191	180
120	181
130	181
140	181
150	181
160	181
170	181
180	181
190	181
119	182
129	182
139	182
149	182
159	182
169	182
179	182
189	182
118	183
128	183
138	183
148	183
158	183
168	183
178	183
188	183
119	184
129	184
139	184
149	184
159	184
169	184
179	184
189	184
121	185
131	185
141	185
151	185
161	185
171	185
181	185
191	185
125	186
135	186
145	186
155	186
165	186
175	186
185	186
121	187
131	187
141	187
151	187
161	187
171	187
181	187
191	187
129	188
139	188
149	188
159	188
169	188
179	188
189	188
129	189
139	189
149	189
159	189
169	189
179	189
189	189
130	190
140	190
150	190
160	190
170	190
180	190
190	190
133	191
143	191
153	191
163	191
173	191
183	191
128	192
138	192
148	192
158	192
168	192
178	192
188	192
135	193
145	193
155	193
165	193
175	193
185	193
135	194
145	194
155	194
165	194
175	194
185	194
137	195
147	195
157	195
167	195
177	195
130	196
140	196
150	196
160	196
170	196
180	196
133	197
143	197
153	197
163	197
173	197
183	197
137	198
147	198
157	198
167	198
177	198
133	199
143	199
153	199
163	199
173	199
183	199
141	200
151	200
161	200
171	200
181	200
140	201
150	201
160	201
170	201
180	201
139	202
149	202
159	202
169	202
179	202
138	203
148	203
158	203
168	203
178	203
138	204
148	204
158	204
168	204
178	204
140	205
150	205
160	205
170	205
180	205
144	206
154	206
164	206
174	206
140	207
150	207
160	207
170	207
138	208
148	208
158	208
168	208
178	208
148	209
158	209
168	209
138	210
148	210
158	210
168	210
137	211
147	211
157	211
167	211
177	211
145	212
155	212
165	212
175	212
143	213
153	213
163	213
173	213
142	214
152	214
162	214
172	214
145	215
155	215
165	215
140	216
150	216
160	216
170	216
146	217
156	217
166	217
143	218
153	218
163	218
140	219
150	219
160	219
170	219
148	220
158	220
139	221
149	221
159	221
142	222
152	222
162	222
147	223
157	223
144	224
154	224
143	225
153	225
142	226
152	226
162	226
151	227
161	227
151	228
161	228
156	229
156	230
149	232
152	233