101	52
111	52
64	53
69	53
74	53
100	53
108	53
113	53
61	54
66	54
71	54
76	54
99	54
105	54
110	54
115	54
124	54
62	55
67	55
72	55
77	55
95	55
100	55
105	55
110	55
115	55
120	55
125	55
60	56
65	56
70	56
75	56
91	56
96	56
101	56
106	56
111	56
116	56
121	56
126	56
59	57
64	57
69	57
74	57
79	57
94	57
99	57
104	57
109	57
114	57
119	57
124	57
55	58
60	58
65	58
70	58
75	58
80	58
93	58
98	58
103	58
108	58
113	58
118	58
123	58
128	58
54	59
59	59
64	59
69	59
74	59
79	59
90	59
95	59
100	59
105	59
110	59
115	59
120	59
125	59
130	59
52	60
57	60
62	60
67	60
72	60
77	60
87	60
92	60
97	60
102	60
107	60
112	60
117	60
122	60
127	60
132	60
52	61
57	61
62	61
67	61
72	61
77	61
82	61
90	61
95	61
100	61
105	61
110	61
115	61
120	61
125	61
130	61
135	61
140	61
52	62
57	62
62	62
67	62
72	62
77	62
82	62
89	62
94	62
99	62
104	62
109	62
114	62
119	62
124	62
129	62
134	62
139	62
144	62
55	63
60	63
65	63
70	63
75	63
80	63
86	63
91	63
96	63
101	63
106	63
111	63
116	63
121	63
126	63
131	63
136	63
141	63
50	64
55	64
60	64
65	64
70	64
75	64
80	64
85	64
90	64
95	64
100	64
105	64
110	64
115	64
120	64
125	64
130	64
135	64
140	64
145	64
53	65
58	65
63	65
68	65
73	65
78	65
83	65
88	65
93	65
98	65
103	65
108	65
113	65
118	65
123	65
128	65
133	65
138	65
143	65
49	66
54	66
59	66
64	66
69	66
74	66
79	66
84	66
89	66
94	66
99	66
104	66
109	66
114	66
119	66
124	66
129	66
134	66
139	66
144	66
149	66
52	67
57	67
62	67
67	67
72	67
77	67
82	67
87	67
92	67
97	67
102	67
107	67
112	67
117	67
122	67
127	67
132	67
137	67
142	67
147	67
152	67
51	68
56	68
61	68
66	68
71	68
76	68
81	68
86	68
91	68
96	68
101	68
106	68
111	68
116	68
121	68
126	68
131	68
136	68
141	68
146	68
151	68
48	69
53	69
58	69
63	69
68	69
73	69
78	69
83	69
88	69
93	69
98	69
103	69
108	69
113	69
118	69
123	69
128	69
133	69
138	69
143	69
148	69
153	69
47	70
52	70
57	70
62	70
67	70
72	70
77	70
82	70
87	70
92	70
97	70
102	70
107	70
112	70
117	70
122	70
127	70
132	70
137	70
142	70
147	70
152	70
157	70
162	70
49	71
54	71
59	71
64	71
69	71
74	71
79	71
84	71
89	71
94	71
99	71
104	71
109	71
114	71
119	71
124	71
129	71
134	71
139	71
144	71
149	71
154	71
159	71
164	71
50	72
55	72
60	72
65	72
70	72
75	72
80	72
85	72
90	72
95	72
100	72
105	72
110	72
115	72
120	72
125	72
130	72
135	72
140	72
145	72
150	72
155	72
160	72
165	72
49	73
54	73
59	73
64	73
69	73
74	73
79	73
84	73
89	73
94	73
99	73
104	73
109	73
114	73
119	73
124	73
129	73
134	73
139	73
144	73
149	73
154	73
159	73
164	73
47	74
52	74
57	74
62	74
67	74
72	74
77	74
82	74
87	74
92	74
97	74
102	74
107	74
112	74
117	74
122	74
127	74
132	74
137	74
142	74
147	74
152	74
157	74
162	74
167	74
49	75
54	75
59	75
64	75
69	75
74	75
79	75
84	75
89	75
94	75
99	75
104	75
109	75
114	75
119	75
124	75
129	75
134	75
139	75
144	75
149	75
154	75
159	75
164	75
169	75
50	76
55	76
60	76
65	76
70	76
75	76
80	76
85	76
90	76
95	76
100	76
105	76
110	76
115	76
120	76
125	76
130	76
135	76
140	76
145	76
150	76
155	76
160	76
165	76
170	76
46	77
51	77
56	77
61	77
66	77
71	77
76	77
81	77
86	77
91	77
96	77
101	77
106	77
111	77
116	77
121	77
126	77
131	77
136	77
141	77
146	77
151	77
156	77
161	77
166	77
171	77
178	77
48	78
53	78
58	78
63	78
68	78
73	78
78	78
83	78
88	78
93	78
98	78
103	78
108	78
113	78
118	78
123	78
128	78
133	78
138	78
143	78
148	78
153	78
158	78
163	78
168	78
173	78
178	78
47	79
52	79
57	79
62	79
67	79
72	79
77	79
82	79
87	79
92	79
97	79
102	79
107	79
112	79
117	79
122	79
127	79
132	79
137	79
142	79
147	79
152	79
157	79
162	79
167	79
172	79
177	79
182	79
47	80
52	80
57	80
62	80
67	80
72	80
77	80
82	80
87	80
92	80
97	80
102	80
107	80
112	80
117	80
122	80
127	80
132	80
137	80
142	80
147	80
152	80
157	80
162	80
167	80
172	80
177	80
182	80
46	81
51	81
56	81
61	81
66	81
71	81
76	81
81	81
86	81
91	81
96	81
101	81
106	81
111	81
116	81
121	81
126	81
131	81
136	81
141	81
146	81
151	81
156	81
161	81
166	81
171	81
176	81
181	81
186	81
49	82
54	82
59	82
64	82
69	82
74	82
79	82
84	82
89	82
94	82
99	82
104	82
109	82
114	82
119	82
124	82
129	82
134	82
139	82
144	82
149	82
154	82
159	82
164	82
169	82
174	82
179	82
184	82
189	82
223	82
233	82
238	82
50	83
55	83
60	83
65	83
70	83
75	83
80	83
85	83
90	83
95	83
100	83
105	83
110	83
115	83
120	83
125	83
130	83
135	83
140	83
145	83
150	83
155	83
160	83
165	83
170	83
175	83
180	83
185	83
190	83
222	83
229	83
234	83
239	83
50	84
55	84
60	84
65	84
70	84
75	84
80	84
85	84
90	84
95	84
100	84
105	84
110	84
115	84
120	84
125	84
130	84
135	84
140	84
145	84
150	84
155	84
160	84
165	84
170	84
175	84
180	84
185	84
190	84
212	84
217	84
222	84
227	84
232	84
237	84
47	85
52	85
57	85
62	85
67	85
72	85
77	85
82	85
87	85
92	85
97	85
102	85
107	85
112	85
117	85
122	85
127	85
132	85
137	85
142	85
147	85
152	85
157	85
162	85
167	85
172	85
177	85
182	85
187	85
192	85
197	85
202	85
207	85
212	85
217	85
222	85
227	85
232	85
237	85
242	85
50	86
55	86
60	86
65	86
70	86
75	86
80	86
85	86
90	86
95	86
100	86
105	86
110	86
115	86
120	86
125	86
130	86
135	86
140	86
145	86
150	86
155	86
160	86
165	86
170	86
175	86
180	86
185	86
190	86
195	86
200	86
205	86
210	86
215	86
220	86
225	86
230	86
235	86
240	86
49	87
54	87
59	87
64	87
69	87
74	87
79	87
84	87
89	87
94	87
99	87
104	87
109	87
114	87
119	87
124	87
129	87
134	87
139	87
144	87
149	87
154	87
159	87
164	87
169	87
174	87
179	87
184	87
189	87
194	87
199	87
204	87
209	87
214	87
219	87
224	87
229	87
234	87
239	87
50	88
55	88
60	88
65	88
70	88
75	88
80	88
85	88
90	88
95	88
100	88
105	88
110	88
115	88
120	88
125	88
130	88
135	88
140	88
145	88
150	88
155	88
160	88
165	88
170	88
175	88
180	88
185	88
190	88
195	88
200	88
205	88
210	88
215	88
220	88
225	88
230	88
235	88
240	88
52	89
57	89
62	89
67	89
72	89
77	89
82	89
87	89
92	89
97	89
102	89
107	89
112	89
117	89
122	89
127	89
132	89
137	89
142	89
147	89
152	89
157	89
162	89
167	89
172	89
177	89
182	89
187	89
192	89
197	89
202	89
207	89
212	89
217	89
222	89
227	89
232	89
237	89
242	89
55	90
60	90
65	90
70	90
75	90
80	90
85	90
90	90
95	90
100	90
105	90
110	90
115	90
120	90
125	90
130	90
135	90
140	90
145	90
150	90
155	90
160	90
165	90
170	90
175	90
180	90
185	90
190	90
195	90
200	90
205	90
210	90
215	90
220	90
225	90
230	90
235	90
240	90
55	91
60	91
65	91
70	91
75	91
80	91
85	91
90	91
95	91
100	91
105	91
110	91
115	91
120	91
125	91
130	91
135	91
140	91
145	91
150	91
155	91
160	91
165	91
170	91
175	91
180	91
185	91
190	91
195	91
200	91
205	91
210	91
215	91
220	91
225	91
230	91
235	91
240	91
59	92
64	92
69	92
74	92
79	92
84	92
89	92
94	92
99	92
104	92
109	92
114	92
119	92
124	92
129	92
134	92
139	92
144	92
149	92
154	92
159	92
164	92
169	92
174	92
179	92
184	92
189	92
194	92
199	92
204	92
209	92
214	92
219	92
224	92
229	92
234	92
239	92
58	93
63	93
68	93
73	93
78	93
83	93
88	93
93	93
98	93
103	93
108	93
113	93
118	93
123	93
128	93
133	93
138	93
143	93
148	93
153	93
158	93
163	93
168	93
173	93
178	93
183	93
188	93
193	93
198	93
203	93
208	93
213	93
218	93
223	93
228	93
233	93
238	93
58	94
63	94
68	94
73	94
78	94
83	94
88	94
93	94
98	94
103	94
108	94
113	94
118	94
123	94
128	94
133	94
138	94
143	94
148	94
153	94
158	94
163	94
168	94
173	94
178	94
183	94
188	94
193	94
198	94
203	94
208	94
213	94
218	94
223	94
228	94
233	94
238	94
59	95
64	95
69	95
74	95
79	95
84	95
89	95
94	95
99	95
104	95
109	95
114	95
119	95
124	95
129	95
134	95
139	95
144	95
149	95
154	95
159	95
164	95
169	95
174	95
179	95
184	95
189	95
194	95
199	95
204	95
209	95
214	95
219	95
224	95
229	95
234	95
239	95
62	96
67	96
72	96
77	96
82	96
87	96
92	96
97	96
102	96
107	96
112	96
117	96
122	96
127	96
132	96
137	96
142	96
147	96
152	96
157	96
162	96
167	96
172	96
177	96
182	96
187	96
192	96
197	96
202	96
207	96
212	96
217	96
222	96
227	96
232	96
237	96
60	97
65	97
70	97
75	97
80	97
85	97
90	97
95	97
100	97
105	97
110	97
115	97
120	97
125	97
130	97
135	97
140	97
145	97
150	97
155	97
160	97
165	97
170	97
175	97
180	97
185	97
190	97
195	97
200	97
205	97
210	97
215	97
220	97
225	97
230	97
235	97
240	97
64	98
69	98
74	98
79	98
84	98
89	98
94	98
99	98
104	98
109	98
114	98
119	98
124	98
129	98
134	98
139	98
144	98
149	98
154	98
159	98
164	98
169	98
174	98
179	98
184	98
189	98
194	98
199	98
204	98
209	98
214	98
219	98
224	98
229	98
234	98
239	98
62	99
67	99
72	99
77	99
82	99
87	99
92	99
97	99
102	99
107	99
112	99
117	99
122	99
127	99
132	99
137	99
142	99
147	99
152	99
157	99
162	99
167	99
172	99
177	99
182	99
187	99
192	99
197	99
202	99
207	99
212	99
217	99
222	99
227	99
232	99
237	99
61	100
66	100
71	100
76	100
81	100
86	100
91	100
96	100
101	100
106	100
111	100
116	100
121	100
126	100
131	100
136	100
141	100
146	100
151	100
156	100
161	100
166	100
171	100
176	100
181	100
186	100
191	100
196	100
201	100
206	100
211	100
216	100
221	100
226	100
231	100
236	100
61	101
66	101
71	101
76	101
81	101
86	101
91	101
96	101
101	101
106	101
111	101
116	101
121	101
126	101
131	101
136	101
141	101
146	101
151	101
156	101
161	101
166	101
171	101
176	101
181	101
186	101
191	101
196	101
201	101
206	101
211	101
216	101
221	101
226	101
231	101
236	101
62	102
67	102
72	102
77	102
82	102
87	102
92	102
97	102
102	102
107	102
112	102
117	102
122	102
127	102
132	102
137	102
142	102
147	102
152	102
157	102
162	102
167	102
172	102
177	102
182	102
187	102
192	102
197	102
202	102
207	102
212	102
217	102
222	102
227	102
232	102
237	102
63	103
68	103
73	103
78	103
83	103
88	103
93	103
98	103
103	103
108	103
113	103
118	103
123	103
128	103
133	103
138	103
143	103
148	103
153	103
158	103
163	103
168	103
173	103
178	103
183	103
188	103
193	103
198	103
203	103
208	103
213	103
218	103
223	103
228	103
233	103
59	104
64	104
69	104
74	104
79	104
84	104
89	104
94	104
99	104
104	104
109	104
114	104
119	104
124	104
129	104
134	104
139	104
144	104
149	104
154	104
159	104
164	104
169	104
174	104
179	104
184	104
189	104
194	104
199	104
204	104
209	104
214	104
219	104
224	104
229	104
234	104
62	105
67	105
72	105
77	105
82	105
87	105
92	105
97	105
102	105
107	105
112	105
117	105
122	105
127	105
132	105
137	105
142	105
147	105
152	105
157	105
162	105
167	105
172	105
177	105
182	105
187	105
192	105
197	105
202	105
207	105
212	105
217	105
222	105
227	105
232	105
59	106
64	106
69	106
74	106
79	106
84	106
89	106
94	106
99	106
104	106
109	106
114	106
119	106
124	106
129	106
134	106
139	106
144	106
149	106
154	106
159	106
164	106
169	106
174	106
179	106
184	106
189	106
194	106
199	106
204	106
209	106
214	106
219	106
224	106
229	106
234	106
60	107
65	107
70	107
75	107
80	107
85	107
90	107
95	107
100	107
105	107
110	107
115	107
120	107
125	107
130	107
135	107
140	107
145	107
150	107
155	107
160	107
165	107
170	107
175	107
180	107
185	107
190	107
195	107
200	107
205	107
210	107
215	107
220	107
225	107
230	107
235	107
61	108
66	108
71	108
76	108
81	108
86	108
91	108
96	108
101	108
106	108
111	108
116	108
121	108
126	108
131	108
136	108
141	108
146	108
151	108
156	108
161	108
166	108
171	108
176	108
181	108
186	108
191	108
196	108
201	108
206	108
211	108
216	108
221	108
226	108
231	108
236	108
64	109
69	109
74	109
79	109
84	109
89	109
94	109
99	109
104	109
109	109
114	109
119	109
124	109
129	109
134	109
139	109
144	109
149	109
154	109
159	109
164	109
169	109
174	109
179	109
184	109
189	109
194	109
199	109
204	109
209	109
214	109
219	109
224	109
229	109
234	109
63	110
68	110
73	110
78	110
83	110
88	110
93	110
98	110
103	110
108	110
113	110
118	110
123	110
128	110
133	110
138	110
143	110
148	110
153	110
158	110
163	110
168	110
173	110
178	110
183	110
188	110
193	110
198	110
203	110
208	110
213	110
218	110
223	110
228	110
233	110
63	111
68	111
73	111
78	111
83	111
88	111
93	111
98	111
103	111
108	111
113	111
118	111
123	111
128	111
133	111
138	111
143	111
148	111
153	111
158	111
163	111
168	111
173	111
178	111
183	111
188	111
193	111
198	111
203	111
208	111
213	111
218	111
223	111
228	111
233	111
63	112
68	112
73	112
78	112
83	112
88	112
93	112
98	112
103	112
108	112
113	112
118	112
123	112
128	112
133	112
138	112
143	112
148	112
153	112
158	112
163	112
168	112
173	112
178	112
183	112
188	112
193	112
198	112
203	112
208	112
213	112
218	112
223	112
228	112
233	112
64	113
69	113
74	113
79	113
84	113
89	113
94	113
99	113
104	113
109	113
114	113
119	113
124	113
129	113
134	113
139	113
144	113
149	113
154	113
159	113
164	113
169	113
174	113
179	113
184	113
189	113
194	113
199	113
204	113
209	113
214	113
219	113
224	113
229	113
234	113
65	114
70	114
75	114
80	114
85	114
90	114
95	114
100	114
105	114
110	114
115	114
120	114
125	114
130	114
135	114
140	114
145	114
150	114
155	114
160	114
165	114
170	114
175	114
180	114
185	114
190	114
195	114
200	114
205	114
210	114
215	114
220	114
225	114
230	114
62	115
67	115
72	115
77	115
82	115
87	115
92	115
97	115
102	115
107	115
112	115
117	115
122	115
127	115
132	115
137	115
142	115
147	115
152	115
157	115
162	115
167	115
172	115
177	115
182	115
187	115
192	115
197	115
202	115
207	115
212	115
217	115
222	115
227	115
232	115
65	116
70	116
75	116
80	116
85	116
90	116
95	116
100	116
105	116
110	116
115	116
120	116
125	116
130	116
135	116
140	116
145	116
150	116
155	116
160	116
165	116
170	116
175	116
180	116
185	116
190	116
195	116
200	116
205	116
210	116
215	116
220	116
225	116
230	116
64	117
69	117
74	117
79	117
84	117
89	117
94	117
99	117
104	117
109	117
114	117
119	117
124	117
129	117
134	117
139	117
144	117
149	117
154	117
159	117
164	117
169	117
174	117
179	117
184	117
189	117
194	117
199	117
204	117
209	117
214	117
219	117
224	117
229	117
63	118
68	118
73	118
78	118
83	118
88	118
93	118
98	118
103	118
108	118
113	118
118	118
123	118
128	118
133	118
138	118
143	118
148	118
153	118
158	118
163	118
168	118
173	118
178	118
183	118
188	118
193	118
198	118
203	118
208	118
213	118
218	118
223	118
228	118
62	119
67	119
72	119
77	119
82	119
87	119
92	119
97	119
102	119
107	119
112	119
117	119
122	119
127	119
132	119
137	119
142	119
147	119
152	119
157	119
162	119
167	119
172	119
177	119
182	119
187	119
192	119
197	119
202	119
207	119
212	119
217	119
222	119
227	119
61	120
66	120
71	120
76	120
81	120
86	120
91	120
96	120
101	120
106	120
111	120
116	120
121	120
126	120
131	120
136	120
141	120
146	120
151	120
156	120
161	120
166	120
171	120
176	120
181	120
186	120
191	120
196	120
201	120
206	120
211	120
216	120
221	120
226	120
61	121
66	121
71	121
76	121
81	121
86	121
91	121
96	121
101	121
106	121
111	121
116	121
121	121
126	121
131	121
136	121
141	121
146	121
151	121
156	121
161	121
166	121
171	121
176	121
181	121
186	121
191	121
196	121
201	121
206	121
211	121
216	121
221	121
226	121
62	122
67	122
72	122
77	122
82	122
87	122
92	122
97	122
102	122
107	122
112	122
117	122
122	122
127	122
132	122
137	122
142	122
147	122
152	122
157	122
162	122
167	122
172	122
177	122
182	122
187	122
192	122
197	122
202	122
207	122
212	122
217	122
222	122
227	122
64	123
69	123
74	123
79	123
84	123
89	123
94	123
99	123
104	123
109	123
114	123
119	123
124	123
129	123
134	123
139	123
144	123
149	123
154	123
159	123
164	123
169	123
174	123
179	123
184	123
189	123
194	123
199	123
204	123
209	123
214	123
219	123
224	123
229	123
65	124
70	124
75	124
80	124
85	124
90	124
95	124
100	124
105	124
110	124
115	124
120	124
125	124
130	124
135	124
140	124
145	124
150	124
155	124
160	124
165	124
170	124
175	124
180	124
185	124
190	124
195	124
200	124
205	124
210	124
215	124
220	124
225	124
230	124
65	125
70	125
75	125
80	125
85	125
90	125
95	125
100	125
105	125
110	125
115	125
120	125
125	125
130	125
135	125
140	125
145	125
150	125
155	125
160	125
165	125
170	125
175	125
180	125
185	125
190	125
195	125
200	125
205	125
210	125
215	125
220	125
225	125
230	125
65	126
70	126
75	126
80	126
85	126
90	126
95	126
100	126
105	126
110	126
115	126
120	126
125	126
130	126
135	126
140	126
145	126
150	126
155	126
160	126
165	126
170	126
175	126
180	126
185	126
190	126
195	126
200	126
205	126
210	126
215	126
220	126
225	126
230	126
70	127
75	127
80	127
85	127
90	127
95	127
100	127
105	127
110	127
115	127
120	127
125	127
130	127
135	127
140	127
145	127
150	127
155	127
160	127
165	127
170	127
175	127
180	127
185	127
190	127
195	127
200	127
205	127
210	127
215	127
220	127
225	127
67	128
72	128
77	128
82	128
87	128
92	128
97	128
102	128
107	128
112	128
117	128
122	128
127	128
132	128
137	128
142	128
147	128
152	128
157	128
162	128
167	128
172	128
177	128
182	128
187	128
192	128
197	128
202	128
207	128
212	128
217	128
222	128
227	128
69	129
74	129
79	129
84	129
89	129
94	129
99	129
104	129
109	129
114	129
119	129
124	129
129	129
134	129
139	129
144	129
149	129
154	129
159	129
164	129
169	129
174	129
179	129
184	129
189	129
194	129
199	129
204	129
209	129
214	129
219	129
224	129
65	130
70	130
75	130
80	130
85	130
90	130
95	130
100	130
105	130
110	130
115	130
120	130
125	130
130	130
135	130
140	130
145	130
150	130
155	130
160	130
165	130
170	130
175	130
180	130
185	130
190	130
195	130
200	130
205	130
210	130
215	130
220	130
225	130
65	131
70	131
75	131
80	131
85	131
90	131
95	131
100	131
105	131
110	131
115	131
120	131
125	131
130	131
135	131
140	131
145	131
150	131
155	131
160	131
165	131
170	131
175	131
180	131
185	131
190	131
195	131
200	131
205	131
210	131
215	131
220	131
225	131
66	132
71	132
76	132
81	132
86	132
91	132
96	132
101	132
106	132
111	132
116	132
121	132
126	132
131	132
136	132
141	132
146	132
151	132
156	132
161	132
166	132
171	132
176	132
181	132
186	132
191	132
196	132
201	132
206	132
211	132
216	132
221	132
226	132
69	133
74	133
79	133
84	133
89	133
94	133
99	133
104	133
109	133
114	133
119	133
124	133
129	133
134	133
139	133
144	133
149	133
154	133
159	133
164	133
169	133
174	133
179	133
184	133
189	133
194	133
199	133
204	133
209	133
214	133
219	133
224	133
69	134
74	134
79	134
84	134
89	134
94	134
99	134
104	134
109	134
114	134
119	134
124	134
129	134
134	134
139	134
144	134
149	134
154	134
159	134
164	134
169	134
174	134
179	134
184	134
189	134
194	134
199	134
204	134
209	134
214	134
219	134
224	134
71	135
76	135
81	135
86	135
91	135
96	135
101	135
106	135
111	135
116	135
121	135
126	135
131	135
136	135
141	135
146	135
151	135
156	135
161	135
166	135
171	135
176	135
181	135
186	135
191	135
196	135
201	135
206	135
211	135
216	135
221	135
70	136
75	136
80	136
85	136
90	136
95	136
100	136
105	136
110	136
115	136
120	136
125	136
130	136
135	136
140	136
145	136
150	136
155	136
160	136
165	136
170	136
175	136
180	136
185	136
190	136
195	136
200	136
205	136
210	136
215	136
220	136
71	137
76	137
81	137
86	137
91	137
96	137
101	137
106	137
111	137
116	137
121	137
126	137
131	137
136	137
141	137
146	137
151	137
156	137
161	137
166	137
171	137
176	137
181	137
186	137
191	137
196	137
201	137
206	137
211	137
216	137
221	137
74	138
79	138
84	138
89	138
94	138
99	138
104	138
109	138
114	138
119	138
124	138
129	138
134	138
139	138
144	138
149	138
154	138
159	138
164	138
169	138
174	138
179	138
184	138
189	138
194	138
199	138
204	138
209	138
214	138
219	138
73	139
78	139
83	139
88	139
93	139
98	139
103	139
108	139
113	139
118	139
123	139
128	139
133	139
138	139
143	139
148	139
153	139
158	139
163	139
168	139
173	139
178	139
183	139
188	139
193	139
198	139
203	139
208	139
213	139
218	139
73	140
78	140
83	140
88	140
93	140
98	140
103	140
108	140
113	140
118	140
123	140
128	140
133	140
138	140
143	140
148	140
153	140
158	140
163	140
168	140
173	140
178	140
183	140
188	140
193	140
198	140
203	140
208	140
213	140
218	140
73	141
78	141
83	141
88	141
93	141
98	141
103	141
108	141
113	141
118	141
123	141
128	141
133	141
138	141
143	141
148	141
153	141
158	141
163	141
168	141
173	141
178	141
183	141
188	141
193	141
198	141
203	141
208	141
213	141
218	141
74	142
79	142
84	142
89	142
94	142
99	142
104	142
109	142
114	142
119	142
124	142
129	142
134	142
139	142
144	142
149	142
154	142
159	142
164	142
169	142
174	142
179	142
184	142
189	142
194	142
199	142
204	142
209	142
214	142
219	142
76	143
81	143
86	143
91	143
96	143
101	143
106	143
111	143
116	143
121	143
126	143
131	143
136	143
141	143
146	143
151	143
156	143
161	143
166	143
171	143
176	143
181	143
186	143
191	143
196	143
201	143
206	143
211	143
216	143
75	144
80	144
85	144
90	144
95	144
100	144
105	144
110	144
115	144
120	144
125	144
130	144
135	144
140	144
145	144
150	144
155	144
160	144
165	144
170	144
175	144
180	144
185	144
190	144
195	144
200	144
205	144
210	144
215	144
78	145
83	145
88	145
93	145
98	145
103	145
108	145
113	145
118	145
123	145
128	145
133	145
138	145
143	145
148	145
153	145
158	145
163	145
168	145
173	145
178	145
183	145
188	145
193	145
198	145
203	145
208	145
213	145
218	145
81	146
86	146
91	146
96	146
101	146
106	146
111	146
116	146
121	146
126	146
131	146
136	146
141	146
146	146
151	146
156	146
161	146
166	146
171	146
176	146
181	146
186	146
191	146
196	146
201	146
206	146
211	146
216	146
80	147
85	147
90	147
95	147
100	147
105	147
110	147
115	147
120	147
125	147
130	147
135	147
140	147
145	147
150	147
155	147
160	147
165	147
170	147
175	147
180	147
185	147
190	147
195	147
200	147
205	147
210	147
215	147
80	148
85	148
90	148
95	148
100	148
105	148
110	148
115	148
120	148
125	148
130	148
135	148
140	148
145	148
150	148
155	148
160	148
165	148
170	148
175	148
180	148
185	148
190	148
195	148
200	148
205	148
210	148
215	148
82	149
87	149
92	149
97	149
102	149
107	149
112	149
117	149
122	149
127	149
132	149
137	149
142	149
147	149
152	149
157	149
162	149
167	149
172	149
177	149
182	149
187	149
192	149
197	149
202	149
207	149
212	149
80	150
85	150
90	150
95	150
100	150
105	150
110	150
115	150
120	150
125	150
130	150
135	150
140	150
145	150
150	150
155	150
160	150
165	150
170	150
175	150
180	150
185	150
190	150
195	150
200	150
205	150
210	150
215	150
83	151
88	151
93	151
98	151
103	151
108	151
113	151
118	151
123	151
128	151
133	151
138	151
143	151
148	151
153	151
158	151
163	151
168	151
173	151
178	151
183	151
188	151
193	151
198	151
203	151
208	151
213	151
218	151
86	152
91	152
96	152
101	152
106	152
111	152
116	152
121	152
126	152
131	152
136	152
141	152
146	152
151	152
156	152
161	152
166	152
171	152
176	152
181	152
186	152
191	152
196	152
201	152
206	152
211	152
216	152
84	153
89	153
94	153
99	153
104	153
109	153
114	153
119	153
124	153
129	153
134	153
139	153
144	153
149	153
154	153
159	153
164	153
169	153
174	153
179	153
184	153
189	153
194	153
199	153
204	153
209	153
214	153
219	153
89	154
94	154
99	154
104	154
109	154
114	154
119	154
124	154
129	154
134	154
139	154
144	154
149	154
154	154
159	154
164	154
169	154
174	154
179	154
184	154
189	154
194	154
199	154
204	154
209	154
214	154
219	154
90	155
95	155
100	155
105	155
110	155
115	155
120	155
125	155
130	155
135	155
140	155
145	155
150	155
155	155
160	155
165	155
170	155
175	155
180	155
185	155
190	155
195	155
200	155
205	155
210	155
215	155
220	155
93	156
98	156
103	156
108	156
113	156
118	156
123	156
128	156
133	156
138	156
143	156
148	156
153	156
158	156
163	156
168	156
173	156
178	156
183	156
188	156
193	156
198	156
203	156
208	156
213	156
218	156
92	157
97	157
102	157
107	157
112	157
117	157
122	157
127	157
132	157
137	157
142	157
147	157
152	157
157	157
162	157
167	157
172	157
177	157
182	157
187	157
192	157
197	157
202	157
207	157
212	157
217	157
92	158
97	158
102	158
107	158
112	158
117	158
122	158
127	158
132	158
137	158
142	158
147	158
152	158
157	158
162	158
167	158
172	158
177	158
182	158
187	158
192	158
197	158
202	158
207	158
212	158
217	158
92	159
97	159
102	159
107	159
112	159
117	159
122	159
127	159
132	159
137	159
142	159
147	159
152	159
157	159
162	159
167	159
172	159
177	159
182	159
187	159
192	159
197	159
202	159
207	159
212	159
217	159
95	160
100	160
105	160
110	160
115	160
120	160
125	160
130	160
135	160
140	160
145	160
150	160
155	160
160	160
165	160
170	160
175	160
180	160
185	160
190	160
195	160
200	160
205	160
210	160
215	160
220	160
101	161
106	161
111	161
116	161
121	161
126	161
131	161
136	161
141	161
146	161
151	161
156	161
161	161
166	161
171	161
176	161
181	161
186	161
191	161
196	161
201	161
206	161
211	161
216	161
221	161
103	162
108	162
113	162
118	162
123	162
128	162
133	162
138	162
143	162
148	162
153	162
158	162
163	162
168	162
173	162
178	162
183	162
188	162
193	162
198	162
203	162
208	162
213	162
218	162
99	163
104	163
109	163
114	163
119	163
124	163
129	163
134	163
139	163
144	163
149	163
154	163
159	163
164	163
169	163
174	163
179	163
184	163
189	163
194	163
199	163
204	163
209	163
214	163
219	163
99	164
104	164
109	164
114	164
119	164
124	164
129	164
134	164
139	164
144	164
149	164
154	164
159	164
164	164
169	164
174	164
179	164
184	164
189	164
194	164
199	164
204	164
209	164
214	164
219	164
100	165
105	165
110	165
115	165
120	165
125	165
130	165
135	165
140	165
145	165
150	165
155	165
160	165
165	165
170	165
175	165
180	165
185	165
190	165
195	165
200	165
205	165
210	165
215	165
220	165
105	166
110	166
115	166
120	166
125	166
130	166
135	166
140	166
145	166
150	166
155	166
160	166
165	166
170	166
175	166
180	166
185	166
190	166
195	166
200	166
205	166
210	166
215	166
220	166
107	167
112	167
117	167
122	167
127	167
132	167
137	167
142	167
147	167
152	167
157	167
162	167
167	167
172	167
177	167
182	167
187	167
192	167
197	167
202	167
207	167
212	167
217	167
105	168
110	168
115	168
120	168
125	168
130	168
135	168
140	168
145	168
150	168
155	168
160	168
165	168
170	168
175	168
180	168
185	168
190	168
195	168
200	168
205	168
210	168
215	168
220	168
112	169
117	169
122	169
127	169
132	169
137	169
142	169
147	169
152	169
157	169
162	169
167	169
172	169
177	169
182	169
187	169
192	169
197	169
202	169
207	169
212	169
217	169
111	170
116	170
121	170
126	170
131	170
136	170
141	170
146	170
151	170
156	170
161	170
166	170
171	170
176	170
181	170
186	170
191	170
196	170
201	170
206	170
211	170
216	170
110	171
115	171
120	171
125	171
130	171
135	171
140	171
145	171
150	171
155	171
160	171
165	171
170	171
175	171
180	171
185	171
190	171
195	171
200	171
205	171
210	171
215	171
110	172
115	172
120	172
125	172
130	172
135	172
140	172
145	172
150	172
155	172
160	172
165	172
170	172
175	172
180	172
185	172
190	172
195	172
200	172
205	172
210	172
215	172
110	173
115	173
120	173
125	173
130	173
135	173
140	173
145	173
150	173
155	173
160	173
165	173
170	173
175	173
180	173
185	173
190	173
195	173
200	173
205	173
210	173
215	173
112	174
117	174
122	174
127	174
132	174
137	174
142	174
147	174
152	174
157	174
162	174
167	174
172	174
177	174
182	174
187	174
192	174
197	174
202	174
207	174
212	174
114	175
119	175
124	175
129	175
134	175
139	175
144	175
149	175
154	175
159	175
164	175
169	175
174	175
179	175
184	175
189	175
194	175
199	175
204	175
209	175
214	175
119	176
124	176
129	176
134	176
139	176
144	176
149	176
154	176
159	176
164	176
169	176
174	176
179	176
184	176
189	176
194	176
199	176
204	176
209	176
117	177
122	177
127	177
132	177
137	177
142	177
147	177
152	177
157	177
162	177
167	177
172	177
177	177
182	177
187	177
192	177
197	177
202	177
207	177
117	178
122	178
127	178
132	178
137	178
142	178
147	178
152	178
157	178
162	178
167	178
172	178
177	178
182	178
187	178
192	178
197	178
204	178
209	178
122	179
127	179
132	179
137	179
142	179
147	179
152	179
157	179
162	179
167	179
172	179
177	179
182	179
187	179
192	179
197	179
121	180
126	180
131	180
136	180
141	180
146	180
151	180
156	180
161	180
166	180
171	180
176	180
181	180
186	180
191	180
196	180
120	181
125	181
130	181
135	181
140	181
145	181
150	181
155	181
160	181
165	181
170	181
175	181
180	181
185	181
190	181
195	181
119	182
124	182
129	182
134	182
139	182
144	182
149	182
154	182
159	182
164	182
169	182
174	182
179	182
184	182
189	182
194	182
118	183
123	183
128	183
133	183
138	183
143	183
148	183
153	183
158	183
163	183
168	183
173	183
178	183
183	183
188	183
193	183
119	184
124	184
129	184
134	184
139	184
144	184
149	184
154	184
159	184
164	184
169	184
174	184
179	184
184	184
189	184
194	184
121	185
126	185
131	185
136	185
141	185
146	185
151	185
156	185
161	185
166	185
171	185
176	185
181	185
186	185
191	185
120	186
125	186
130	186
135	186
140	186
145	186
150	186
155	186
160	186
165	186
170	186
175	186
180	186
185	186
190	186
121	187
126	187
131	187
136	187
141	187
146	187
151	187
156	187
161	187
166	187
171	187
176	187
181	187
186	187
191	187
124	188
129	188
134	188
139	188
144	188
149	188
154	188
159	188
164	188
169	188
174	188
179	188
184	188
189	188
124	189
129	189
134	189
139	189
144	189
149	189
154	189
159	189
164	189
169	189
174	189
179	189
184	189
189	189
125	190
130	190
135	190
140	190
145	190
150	190
155	190
160	190
165	190
170	190
175	190
180	190
185	190
190	190
128	191
133	191
138	191
143	191
148	191
153	191
158	191
163	191
168	191
173	191
178	191
183	191
188	191
128	192
133	192
138	192
143	192
148	192
153	192
158	192
163	192
168	192
173	192
178	192
183	192
188	192
130	193
135	193
140	193
145	193
150	193
155	193
160	193
165	193
170	193
175	193
180	193
185	193
130	194
135	194
140	194
145	194
150	194
155	194
160	194
165	194
170	194
175	194
180	194
185	194
132	195
137	195
142	195
147	195
152	195
157	195
162	195
167	195
172	195
177	195
182	195
130	196
135	196
140	196
145	196
150	196
155	196
160	196
165	196
170	196
175	196
180	196
185	196
133	197
138	197
143	197
148	197
153	197
158	197
163	197
168	197
173	197
178	197
183	197
132	198
137	198
142	198
147	198
152	198
157	198
162	198
167	198
172	198
177	198
182	198
133	199
138	199
143	199
148	199
153	199
158	199
163	199
168	199
173	199
178	199
183	199
136	200
141	200
146	200
151	200
156	200
161	200
166	200
171	200
176	200
181	200
135	201
140	201
145	201
150	201
155	201
160	201
165	201
170	201
175	201
180	201
134	202
139	202
144	202
149	202
154	202
159	202
164	202
169	202
174	202
179	202
133	203
138	203
143	203
148	203
153	203
158	203
163	203
168	203
173	203
178	203
183	203
138	204
143	204
148	204
153	204
158	204
163	204
168	204
173	204
178	204
135	205
140	205
145	205
150	205
155	205
160	205
165	205
170	205
175	205
180	205
139	206
144	206
149	206
154	206
159	206
164	206
169	206
174	206
179	206
140	207
145	207
150	207
155	207
160	207
165	207
170	207
175	207
138	208
143	208
148	208
153	208
158	208
163	208
168	208
173	208
178	208
143	209
148	209
153	209
158	209
163	209
168	209
173	209
138	210
143	210
148	210
153	210
158	210
163	210
168	210
173	210
137	211
142	211
147	211
152	211
157	211
162	211
167	211
172	211
177	211
140	212
145	212
150	212
155	212
160	212
165	212
170	212
175	212
138	213
143	213
148	213
153	213
158	213
163	213
168	213
173	213
137	214
142	214
147	214
152	214
157	214
162	214
167	214
172	214
140	215
145	215
150	215
155	215
160	215
165	215
170	215
140	216
145	216
150	216
155	216
160	216
165	216
170	216
141	217
146	217
151	217
156	217
161	217
166	217
171	217
143	218
148	218
153	218
158	218
163	218
168	218
140	219
145	219
150	219
155	219
160	219
165	219
170	219
143	220
148	220
153	220
158	220
163	220
139	221
144	221
149	221
154	221
159	221
164	221
142	222
147	222
152	222
157	222
162	222
142	223
147	223
152	223
157	223
162	223
144	224
149	224
154	224
159	224
143	225
148	225
153	225
158	225
142	226
147	226
152	226
157	226
162	226
146	227
151	227
156	227
161	227
146	228
151	228
156	228
161	228
151	229
156	229
151	230
156	230
152	231
149	232
154	232
152	233
152	234