-205 -129
-160 -42
-130 70
-127 52
-120 39
-69 -62
-165 -110
-123 -98
-169 -84
-155 -77
-130 7
-146 18
-106 71
-98 53
-107 46
68 71
-79 28
1 2
-62 1
35 -3
-15 -29
-96 -79
-55 -52
-27 -37
-192 -136
-182 -142
-175 -150
-165 -154
-154 -155
-143 -152
-130 -131
-133 -144
-157 -137
-130 -119
-130 -108
-149 -121
-150 -97
-164 -97
-170 -118
-175 -131
-195 -124
-181 -122
-175 -67
-147 -60
-138 -50
-177 -48
-177 -32
-172 -14
-140 63
-161 4
-147 -15
-130 27
-118 70
-116 57
-110 23
-116 -6
-107 -57
-125 -26
-131 -84
-122 -69
-110 -89
1 26
-46 41
-77 42
-62 42
-88 46
-102 63
4 45
-28 42
-11 42
17 56
36 71
55 72
78 57
57 53
84 44
36 51
40 38
67 30
82 29
72 15
56 2
50 17
17 22
-17 15
-43 20
-94 11
-58 14
-35 -4
-59 -29
-90 -12
-95 -31
-82 -70
-80 -42
-41 -44
-42 -26
16 -8
-21 -20
-1 -20
-98 33
