-422 -185
-402 -176
-394 -166
-426 -163
-307 -111
-374 -77
-276 -40
19 -34
-69 -55
-9 -64
-144 -100
-132 -117
147 -163
167 -180
-436 -200
-421 -200
-420 -194
-402 -141
-359 -152
-170 -120
-214 -121
-272 -124
-321 -131
-372 -122
-393 -112
-206 -88
-360 -84
-295 -82
-281 -63
-318 -43
-119 -16
-65 -46
-192 -48
-150 -79
-195 -85
-82 -98
49 -45
53 -25
43 -15
-55 -14
4 -12
102 -14
89 -24
119 -24
106 -30
124 -53
110 -58
142 -98
106 -69
106 -100
44 -90
-3 -76
-29 -112
123 -113
137 -154
143 -125
146 -139
185 -171
-448 -195
-438 -189
-448 -185
-433 -179
-436 -174
-412 -138
-417 -146
-418 -167
-412 -175
-414 -198
-429 -202
-409 -154
-404 -193
-389 -180
-383 -151
-372 -166
-299 -127
-342 -139
-363 -128
-383 -150
-395 -125
-405 -129
-260 -124
-235 -121
-190 -122
-176 -111
-149 -117
-116 -102
-159 -97
-178 -97
-201 -106
-222 -101
-237 -108
-311 -97
-260 -99
-299 -103
-317 -103
-276 -112
-340 -119
-401 -119
-388 -109
-364 -102
-334 -99
-381 -94
-345 -87
-343 -87
-325 -78
-283 -92
-270 -80
-234 -67
-243 -78
-262 -64
-323 -63
-341 -58
-365 -63
-302 -58
-353 -47
-340 -36
-324 -29
-310 -25
-276 -21
-259 -21
-242 -21
-292 -23
-291 -36
-253 -43
-190 -34
-215 -33
-225 -19
-205 -17
-186 -17
-161 -16
-139 -16
-164 -28
-147 -35
-178 -36
-132 -36
-118 -60
-144 -52
-166 -48
-196 -55
-231 -44
-224 -93
-210 -65
-174 -64
-170 -80
-147 -64
-122 -76
-94 -63
-74 -79
-72 -69
-30 -79
-19 -80
-3 -50
-25 -62
-28 -43
-49 -59
-87 -49
-106 -46
-106 -32
-83 -27
-99 -16
-84 -16
-70 -14
-37 -13
-19 -13
-32 -28
-3 -33
-63 -38
-47 -41
14 -44
61 -44
14 -26
63 -16
23 -13
80 -12
90 -14
76 -29
132 -44
97 -48
108 -49
140 -59
82 -64
81 -57
40 -58
17 -59
24 -71
26 -76
48 -77
55 -73
61 -75
150 -78
129 -81
99 -83
109 -93
158 -94
161 -109
92 -114
72 -109
52 -107
33 -107
90 -102
69 -90
16 -95
-6 -94
-43 -84
-90 -88
-99 -88
-67 -112
-61 -98
-48 -112
-35 -96
-8 -111
14 -111
138 -122
124 -116
110 -127
-91 -115
-112 -116
125 -141
153 -151
156 -168
157 -128
163 -173
166 -164
175 -188
171 -176
176 -160
167 -150
176 -138
167 -126
185 -151
193 -165
190 -174
196 -180
180 -184
189 -187
54 -14
183 -190
194 -183
193 -171
