-216 -32
-235 -25
-216 -20
-26 -87
-67 -147
-158 -49
-186 -44
-150 -39
-205 -32
-238 -13
-184 -13
-229 -11
-224 3
-118 -63
-20 -90
-64 -94
-38 -119
-81 -122
-63 -127
-47 -127
-78 -130
-176 -51
-166 -58
-155 -64
-148 -56
-146 -71
-144 -65
-136 -80
-129 -56
-139 -49
-161 -31
-169 -44
-178 -28
-189 -29
-195 -38
-228 -37
-236 -36
-245 -27
-212 -25
-244 -15
-214 -10
-224 -5
-211 10
-225 14
-219 20
-209 20
-198 15
-191 7
-208 1
-188 -4
-204 -11
-196 -13
-172 -24
-105 -102
-116 -95
-103 -92
-123 -89
-94 -87
-118 -85
-105 -74
-122 -73
-89 -81
-76 -88
-45 -90
-36 -90
-56 -94
-13 -97
-88 -99
-35 -104
-14 -105
-17 -111
-32 -110
-47 -110
-55 -108
-67 -112
-81 -106
-92 -112
-78 -141
-75 -150
-69 -154
-66 -137
-63 -154
-52 -148
-30 -118
-48 -135
-49 -142
-24 -101
