-110 34
-44 -78
-92 -170
-106 11
-130 -122
-117 -115
-132 -79
-118 -34
-129 3
-124 33
-43 -57
-106 -60
-66 -147
-106 -187
-84 -193
-107 -202
-113 -146
-108 -172
-108 -160
-99 -206
-97 -192
-89 -206
-82 -126
-91 -143
-99 -96
-105 -125
-122 -133
-132 -108
-131 -88
-131 -70
-132 -52
-133 -30
-130 -11
-128 18
-95 34
-111 -8
-87 -12
-90 -34
-83 -59
-124 -76
-93 -76
-70 -29
-63 -2
-79 5
-79 19
-80 34
-65 34
-53 34
-46 30
-44 18
-43 9
-43 -5
-44 -21
-43 -39
-44 -92
-47 -109
-50 -125
-63 -57
-71 -102
-73 -79
-81 -157
-78 -208
-74 -186
-74 -198
-72 -172
-70 -160
-58 -137
-63 16
