217 83
202 103
140 128
124 129
137 173
110 193
162 336
223 394
231 189
358 142
317 133
260 133
349 121
290 87
281 84
139 98
153 81
160 100
199 77
205 83
214 61
157 168
151 171
144 150
137 119
137 165
120 153
96 181
109 249
174 255
135 307
129 313
133 319
211 392
212 388
197 299
187 280
210 264
205 207
247 201
249 202
245 203
233 335
239 361
230 395
260 373
263 354
266 260
276 236
303 215
258 210
364 168
290 200
265 166
263 141
243 186
239 190
216 137
229 113
234 104
271 72
272 109
284 92
143 112
125 115
134 115
114 124
109 138
146 108
143 105
156 96
157 90
146 88
163 88
190 73
206 72
209 73
212 66
212 70
217 59
214 73
209 90
199 132
198 75
177 78
169 87
126 152
134 154
138 150
204 139
208 142
218 139
224 174
223 182
155 171
151 175
145 170
127 173
119 170
114 169
106 163
124 159
120 152
113 148
104 147
100 159
97 170
96 172
102 178
96 183
94 220
96 202
97 214
100 196
105 190
118 192
140 258
118 243
106 254
104 239
103 260
98 231
106 272
120 281
125 293
132 295
127 300
129 309
154 352
154 344
148 337
151 332
137 323
140 322
156 328
158 345
158 353
166 354
180 360
189 375
204 390
194 385
216 383
218 379
190 377
216 355
219 282
217 314
206 310
193 227
189 252
164 307
155 221
202 221
205 198
207 195
211 184
213 189
232 192
249 186
253 188
257 192
259 191
262 195
259 213
249 198
244 194
244 204
231 200
241 215
241 300
233 308
226 357
234 383
236 397
243 391
255 390
247 388
247 330
244 294
242 231
266 262
262 284
272 290
272 301
272 380
263 386
280 375
272 369
281 364
277 354
278 344
276 251
316 214
281 250
280 244
280 220
276 229
270 250
280 194
287 198
290 199
293 204
296 191
326 200
332 185
353 181
362 176
344 174
362 151
303 144
291 142
262 154
294 163
270 178
292 184
270 184
258 184
258 176
245 165
244 171
241 176
239 164
231 147
239 152
248 155
248 149
257 160
259 148
262 138
260 74
251 141
246 137
236 105
236 100
227 59
237 66
242 61
242 57
250 61
261 61
273 96
275 106
267 115
272 115
264 123
266 123
356 131
331 111
304 96
279 94
277 91
289 80
299 121
298 120
305 119
302 126