165	79
166	79
167	79
168	79
169	79
171	79
172	79
173	79
174	79
175	79
176	79
177	79
178	79
179	79
180	79
186	79
187	79
188	79
189	79
158	80
159	80
160	80
161	80
162	80
163	80
164	80
165	80
166	80
167	80
168	80
169	80
170	80
171	80
172	80
173	80
174	80
175	80
176	80
177	80
178	80
179	80
180	80
181	80
182	80
183	80
184	80
185	80
186	80
187	80
188	80
189	80
190	80
191	80
154	81
155	81
156	81
157	81
158	81
159	81
160	81
161	81
162	81
163	81
164	81
165	81
166	81
167	81
168	81
169	81
170	81
171	81
172	81
173	81
174	81
175	81
176	81
177	81
178	81
179	81
180	81
181	81
182	81
183	81
184	81
185	81
186	81
187	81
188	81
189	81
190	81
191	81
192	81
152	82
153	82
154	82
155	82
156	82
157	82
158	82
159	82
160	82
161	82
162	82
163	82
164	82
165	82
166	82
167	82
168	82
169	82
170	82
171	82
172	82
173	82
174	82
175	82
176	82
177	82
178	82
179	82
180	82
181	82
182	82
183	82
184	82
185	82
186	82
187	82
188	82
189	82
190	82
191	82
192	82
193	82
194	82
151	83
152	83
153	83
154	83
155	83
156	83
157	83
158	83
159	83
160	83
161	83
162	83
163	83
164	83
165	83
166	83
167	83
168	83
169	83
170	83
171	83
172	83
173	83
174	83
175	83
176	83
177	83
178	83
179	83
180	83
181	83
182	83
183	83
184	83
185	83
186	83
187	83
188	83
189	83
190	83
191	83
192	83
193	83
194	83
195	83
196	83
197	83
198	83
149	84
150	84
151	84
152	84
153	84
154	84
155	84
156	84
157	84
158	84
159	84
160	84
161	84
162	84
163	84
164	84
165	84
166	84
167	84
168	84
169	84
170	84
171	84
172	84
173	84
174	84
175	84
176	84
177	84
178	84
179	84
180	84
181	84
182	84
183	84
184	84
185	84
186	84
187	84
188	84
189	84
190	84
191	84
192	84
193	84
194	84
195	84
196	84
197	84
198	84
199	84
200	84
148	85
149	85
150	85
151	85
152	85
153	85
154	85
155	85
156	85
157	85
158	85
159	85
160	85
161	85
162	85
163	85
164	85
165	85
166	85
167	85
168	85
169	85
170	85
171	85
172	85
173	85
174	85
175	85
176	85
177	85
178	85
179	85
180	85
181	85
182	85
183	85
184	85
185	85
186	85
187	85
188	85
189	85
190	85
191	85
192	85
193	85
194	85
195	85
196	85
197	85
198	85
199	85
200	85
201	85
202	85
148	86
149	86
150	86
151	86
152	86
153	86
154	86
155	86
156	86
157	86
158	86
159	86
160	86
161	86
162	86
163	86
164	86
165	86
166	86
167	86
168	86
169	86
170	86
171	86
172	86
173	86
174	86
175	86
176	86
177	86
178	86
179	86
180	86
181	86
182	86
183	86
184	86
185	86
186	86
187	86
188	86
189	86
190	86
191	86
192	86
193	86
194	86
195	86
196	86
197	86
198	86
199	86
200	86
201	86
202	86
203	86
204	86
205	86
147	87
148	87
149	87
150	87
151	87
152	87
153	87
154	87
155	87
156	87
157	87
158	87
159	87
160	87
161	87
162	87
163	87
164	87
165	87
166	87
167	87
168	87
169	87
170	87
171	87
172	87
173	87
174	87
175	87
176	87
177	87
178	87
179	87
180	87
181	87
182	87
183	87
184	87
185	87
186	87
187	87
188	87
189	87
190	87
191	87
192	87
193	87
194	87
195	87
196	87
197	87
198	87
199	87
200	87
201	87
202	87
203	87
204	87
205	87
206	87
48	88
49	88
50	88
51	88
52	88
53	88
54	88
55	88
146	88
147	88
148	88
149	88
150	88
151	88
152	88
153	88
154	88
155	88
156	88
157	88
158	88
159	88
160	88
161	88
162	88
163	88
164	88
165	88
166	88
167	88
168	88
169	88
170	88
171	88
172	88
173	88
174	88
175	88
176	88
177	88
178	88
179	88
180	88
181	88
182	88
183	88
184	88
185	88
186	88
187	88
188	88
189	88
190	88
191	88
192	88
193	88
194	88
195	88
196	88
197	88
198	88
199	88
200	88
201	88
202	88
203	88
204	88
205	88
206	88
46	89
47	89
48	89
49	89
50	89
51	89
52	89
53	89
54	89
55	89
56	89
57	89
144	89
145	89
146	89
147	89
148	89
149	89
150	89
151	89
152	89
153	89
154	89
155	89
156	89
157	89
158	89
159	89
160	89
161	89
162	89
163	89
164	89
165	89
166	89
167	89
168	89
169	89
170	89
171	89
172	89
173	89
174	89
175	89
176	89
177	89
178	89
179	89
180	89
181	89
182	89
183	89
184	89
185	89
186	89
187	89
188	89
189	89
190	89
191	89
192	89
193	89
194	89
195	89
196	89
197	89
198	89
199	89
200	89
201	89
202	89
203	89
204	89
205	89
206	89
45	90
46	90
47	90
48	90
49	90
50	90
51	90
52	90
53	90
54	90
55	90
56	90
57	90
58	90
59	90
141	90
142	90
143	90
144	90
145	90
146	90
147	90
148	90
149	90
150	90
151	90
152	90
153	90
154	90
155	90
156	90
157	90
158	90
159	90
160	90
161	90
162	90
163	90
164	90
165	90
166	90
167	90
168	90
169	90
170	90
171	90
172	90
173	90
174	90
175	90
176	90
177	90
178	90
179	90
180	90
181	90
182	90
183	90
184	90
185	90
186	90
187	90
188	90
189	90
190	90
191	90
192	90
193	90
194	90
195	90
196	90
197	90
198	90
199	90
200	90
201	90
202	90
203	90
204	90
205	90
206	90
44	91
45	91
46	91
47	91
48	91
49	91
50	91
51	91
52	91
53	91
54	91
55	91
56	91
57	91
58	91
59	91
60	91
138	91
139	91
140	91
141	91
142	91
143	91
144	91
145	91
146	91
147	91
148	91
149	91
150	91
151	91
152	91
153	91
154	91
155	91
156	91
157	91
158	91
159	91
160	91
161	91
162	91
163	91
164	91
165	91
166	91
167	91
168	91
169	91
170	91
171	91
172	91
173	91
174	91
175	91
176	91
177	91
178	91
179	91
180	91
181	91
182	91
183	91
184	91
185	91
186	91
187	91
188	91
189	91
190	91
191	91
192	91
193	91
194	91
195	91
196	91
197	91
198	91
199	91
200	91
201	91
202	91
203	91
204	91
205	91
206	91
44	92
45	92
46	92
47	92
48	92
49	92
50	92
51	92
52	92
53	92
54	92
55	92
56	92
57	92
58	92
59	92
60	92
61	92
137	92
138	92
139	92
140	92
141	92
142	92
143	92
144	92
145	92
146	92
147	92
148	92
149	92
150	92
151	92
152	92
153	92
154	92
155	92
156	92
157	92
158	92
159	92
160	92
161	92
162	92
163	92
164	92
165	92
166	92
167	92
168	92
169	92
170	92
171	92
172	92
173	92
174	92
175	92
176	92
177	92
178	92
179	92
180	92
181	92
182	92
183	92
184	92
185	92
186	92
187	92
188	92
189	92
190	92
191	92
192	92
193	92
194	92
195	92
196	92
197	92
198	92
199	92
200	92
201	92
202	92
203	92
204	92
205	92
206	92
42	93
43	93
44	93
45	93
46	93
47	93
48	93
49	93
50	93
51	93
52	93
53	93
54	93
55	93
56	93
57	93
58	93
59	93
60	93
61	93
62	93
74	93
75	93
76	93
77	93
78	93
79	93
135	93
136	93
137	93
138	93
139	93
140	93
141	93
142	93
143	93
144	93
145	93
146	93
147	93
148	93
149	93
150	93
151	93
152	93
153	93
154	93
155	93
156	93
157	93
158	93
159	93
160	93
161	93
162	93
163	93
164	93
165	93
166	93
167	93
168	93
169	93
170	93
171	93
172	93
173	93
174	93
175	93
176	93
177	93
178	93
179	93
180	93
181	93
182	93
183	93
184	93
185	93
186	93
187	93
188	93
189	93
190	93
191	93
192	93
193	93
194	93
195	93
196	93
197	93
198	93
199	93
200	93
201	93
202	93
203	93
204	93
205	93
206	93
42	94
43	94
44	94
45	94
46	94
47	94
48	94
49	94
50	94
51	94
52	94
53	94
54	94
55	94
56	94
57	94
58	94
59	94
60	94
61	94
62	94
63	94
73	94
74	94
75	94
76	94
77	94
78	94
79	94
80	94
81	94
82	94
134	94
135	94
136	94
137	94
138	94
139	94
140	94
141	94
142	94
143	94
144	94
145	94
146	94
147	94
148	94
149	94
150	94
151	94
152	94
153	94
154	94
155	94
156	94
157	94
158	94
159	94
160	94
161	94
162	94
163	94
164	94
165	94
166	94
167	94
168	94
169	94
170	94
171	94
172	94
173	94
174	94
175	94
176	94
177	94
178	94
179	94
180	94
181	94
182	94
183	94
184	94
185	94
186	94
187	94
188	94
189	94
190	94
191	94
192	94
193	94
194	94
195	94
196	94
197	94
198	94
199	94
200	94
201	94
202	94
203	94
204	94
205	94
206	94
207	94
42	95
43	95
44	95
45	95
46	95
47	95
48	95
49	95
50	95
51	95
52	95
53	95
54	95
55	95
56	95
57	95
58	95
59	95
60	95
61	95
62	95
63	95
64	95
72	95
73	95
74	95
75	95
76	95
77	95
78	95
79	95
80	95
81	95
82	95
83	95
132	95
133	95
134	95
135	95
136	95
137	95
138	95
139	95
140	95
141	95
142	95
143	95
144	95
145	95
146	95
147	95
148	95
149	95
150	95
151	95
152	95
153	95
154	95
155	95
156	95
157	95
158	95
159	95
160	95
161	95
162	95
163	95
164	95
165	95
166	95
167	95
168	95
169	95
170	95
171	95
172	95
173	95
174	95
175	95
176	95
177	95
178	95
179	95
180	95
181	95
182	95
183	95
184	95
185	95
186	95
187	95
188	95
189	95
190	95
191	95
192	95
193	95
194	95
195	95
196	95
197	95
198	95
199	95
200	95
201	95
202	95
203	95
204	95
206	95
207	95
42	96
43	96
44	96
45	96
46	96
47	96
48	96
49	96
50	96
51	96
52	96
53	96
54	96
55	96
56	96
57	96
58	96
59	96
60	96
61	96
62	96
63	96
64	96
65	96
71	96
72	96
73	96
74	96
75	96
76	96
77	96
78	96
79	96
80	96
81	96
82	96
83	96
84	96
132	96
133	96
134	96
135	96
136	96
137	96
138	96
139	96
140	96
141	96
142	96
143	96
144	96
145	96
146	96
147	96
148	96
149	96
150	96
151	96
152	96
153	96
154	96
155	96
156	96
157	96
158	96
159	96
160	96
161	96
162	96
163	96
164	96
165	96
166	96
167	96
168	96
169	96
170	96
171	96
172	96
173	96
174	96
175	96
176	96
177	96
178	96
179	96
180	96
181	96
182	96
183	96
184	96
185	96
186	96
187	96
188	96
189	96
190	96
191	96
192	96
193	96
194	96
195	96
196	96
197	96
198	96
199	96
200	96
201	96
202	96
203	96
206	96
207	96
41	97
42	97
43	97
44	97
45	97
46	97
47	97
48	97
49	97
50	97
51	97
52	97
53	97
54	97
55	97
56	97
57	97
58	97
59	97
60	97
61	97
62	97
63	97
64	97
65	97
71	97
72	97
73	97
74	97
75	97
76	97
77	97
78	97
79	97
80	97
81	97
82	97
83	97
84	97
85	97
131	97
132	97
133	97
134	97
135	97
136	97
137	97
138	97
139	97
140	97
141	97
142	97
143	97
144	97
145	97
146	97
147	97
148	97
149	97
150	97
151	97
152	97
153	97
154	97
155	97
156	97
157	97
158	97
159	97
160	97
161	97
162	97
163	97
164	97
165	97
166	97
167	97
168	97
169	97
170	97
171	97
172	97
173	97
174	97
175	97
176	97
177	97
178	97
179	97
180	97
181	97
182	97
183	97
184	97
185	97
186	97
187	97
188	97
189	97
190	97
191	97
192	97
193	97
194	97
195	97
196	97
197	97
198	97
199	97
200	97
201	97
202	97
203	97
204	97
205	97
206	97
207	97
41	98
42	98
43	98
44	98
45	98
46	98
47	98
48	98
49	98
50	98
51	98
52	98
53	98
54	98
55	98
56	98
57	98
58	98
59	98
60	98
61	98
62	98
63	98
64	98
65	98
66	98
70	98
71	98
72	98
73	98
74	98
75	98
76	98
77	98
78	98
79	98
80	98
81	98
82	98
83	98
84	98
85	98
86	98
130	98
131	98
132	98
133	98
134	98
135	98
136	98
137	98
138	98
139	98
140	98
141	98
142	98
143	98
144	98
145	98
146	98
147	98
148	98
149	98
150	98
151	98
152	98
153	98
154	98
155	98
156	98
157	98
158	98
159	98
160	98
161	98
162	98
163	98
164	98
165	98
166	98
167	98
168	98
169	98
170	98
171	98
172	98
173	98
174	98
175	98
176	98
177	98
178	98
179	98
180	98
181	98
182	98
183	98
184	98
185	98
186	98
187	98
188	98
189	98
190	98
191	98
192	98
193	98
194	98
195	98
196	98
197	98
198	98
199	98
200	98
201	98
202	98
203	98
204	98
205	98
41	99
42	99
43	99
44	99
45	99
46	99
47	99
48	99
49	99
50	99
51	99
52	99
53	99
54	99
55	99
56	99
57	99
58	99
59	99
60	99
61	99
62	99
63	99
64	99
65	99
66	99
67	99
70	99
71	99
72	99
73	99
74	99
75	99
76	99
77	99
78	99
79	99
80	99
81	99
82	99
83	99
84	99
85	99
86	99
87	99
130	99
131	99
132	99
133	99
134	99
135	99
136	99
137	99
138	99
139	99
140	99
141	99
142	99
143	99
144	99
145	99
146	99
147	99
148	99
149	99
150	99
151	99
152	99
153	99
154	99
155	99
156	99
157	99
158	99
159	99
160	99
161	99
162	99
163	99
164	99
165	99
166	99
167	99
168	99
169	99
170	99
171	99
172	99
173	99
174	99
175	99
176	99
177	99
178	99
179	99
180	99
181	99
182	99
183	99
184	99
185	99
186	99
187	99
188	99
189	99
190	99
191	99
192	99
193	99
194	99
195	99
196	99
197	99
198	99
199	99
200	99
201	99
202	99
203	99
204	99
205	99
206	99
207	99
41	100
42	100
43	100
44	100
45	100
46	100
47	100
48	100
49	100
50	100
51	100
52	100
53	100
54	100
55	100
56	100
57	100
58	100
59	100
60	100
61	100
62	100
63	100
64	100
65	100
66	100
67	100
68	100
69	100
70	100
71	100
72	100
73	100
74	100
75	100
76	100
77	100
78	100
79	100
80	100
81	100
82	100
83	100
84	100
85	100
86	100
87	100
129	100
130	100
131	100
132	100
133	100
134	100
135	100
136	100
137	100
138	100
139	100
140	100
141	100
142	100
143	100
144	100
145	100
146	100
147	100
148	100
149	100
150	100
151	100
152	100
153	100
154	100
155	100
156	100
157	100
158	100
159	100
160	100
161	100
162	100
163	100
164	100
165	100
166	100
167	100
168	100
169	100
170	100
171	100
172	100
173	100
174	100
175	100
176	100
177	100
178	100
179	100
180	100
181	100
182	100
183	100
184	100
185	100
186	100
187	100
188	100
189	100
190	100
191	100
192	100
193	100
194	100
195	100
196	100
197	100
198	100
199	100
200	100
201	100
202	100
203	100
204	100
205	100
42	101
43	101
44	101
45	101
46	101
47	101
48	101
49	101
50	101
51	101
52	101
53	101
54	101
55	101
56	101
57	101
58	101
59	101
60	101
61	101
62	101
63	101
64	101
65	101
66	101
67	101
68	101
69	101
70	101
71	101
72	101
73	101
74	101
75	101
76	101
77	101
78	101
79	101
80	101
81	101
82	101
83	101
84	101
85	101
86	101
87	101
88	101
128	101
129	101
130	101
131	101
132	101
133	101
134	101
135	101
136	101
137	101
138	101
139	101
140	101
141	101
142	101
143	101
144	101
145	101
146	101
147	101
148	101
149	101
150	101
151	101
152	101
153	101
154	101
155	101
156	101
157	101
158	101
159	101
160	101
161	101
162	101
163	101
164	101
165	101
166	101
167	101
168	101
169	101
170	101
171	101
172	101
173	101
174	101
175	101
176	101
177	101
178	101
179	101
180	101
181	101
182	101
183	101
184	101
185	101
186	101
187	101
188	101
189	101
190	101
191	101
192	101
193	101
194	101
195	101
196	101
197	101
198	101
199	101
200	101
201	101
202	101
203	101
204	101
205	101
206	101
208	101
42	102
43	102
44	102
45	102
46	102
47	102
48	102
49	102
50	102
51	102
52	102
53	102
54	102
55	102
56	102
57	102
58	102
59	102
60	102
61	102
62	102
63	102
64	102
65	102
66	102
67	102
68	102
69	102
70	102
71	102
72	102
73	102
74	102
75	102
76	102
77	102
78	102
79	102
80	102
81	102
82	102
83	102
84	102
85	102
86	102
87	102
88	102
128	102
129	102
130	102
131	102
132	102
133	102
134	102
135	102
136	102
137	102
138	102
139	102
140	102
141	102
142	102
143	102
144	102
145	102
146	102
147	102
148	102
149	102
150	102
151	102
152	102
153	102
154	102
155	102
156	102
157	102
158	102
159	102
160	102
161	102
162	102
163	102
164	102
165	102
166	102
167	102
168	102
169	102
170	102
171	102
172	102
173	102
174	102
175	102
176	102
177	102
178	102
179	102
180	102
181	102
182	102
183	102
184	102
185	102
186	102
187	102
188	102
189	102
190	102
191	102
192	102
193	102
194	102
195	102
196	102
197	102
198	102
199	102
200	102
201	102
202	102
203	102
204	102
205	102
206	102
207	102
208	102
42	103
43	103
44	103
45	103
46	103
47	103
48	103
49	103
50	103
51	103
52	103
53	103
54	103
55	103
56	103
57	103
58	103
59	103
60	103
61	103
62	103
63	103
64	103
65	103
66	103
67	103
68	103
69	103
70	103
71	103
72	103
73	103
74	103
75	103
76	103
77	103
78	103
79	103
80	103
81	103
82	103
83	103
84	103
85	103
86	103
87	103
88	103
89	103
127	103
128	103
129	103
130	103
131	103
132	103
133	103
134	103
135	103
136	103
137	103
138	103
139	103
140	103
141	103
142	103
143	103
144	103
145	103
146	103
147	103
148	103
149	103
150	103
151	103
152	103
153	103
154	103
155	103
156	103
157	103
158	103
159	103
160	103
161	103
162	103
163	103
164	103
165	103
166	103
167	103
168	103
169	103
170	103
171	103
172	103
173	103
174	103
175	103
176	103
177	103
178	103
179	103
180	103
181	103
182	103
183	103
184	103
185	103
186	103
187	103
188	103
189	103
190	103
191	103
192	103
193	103
194	103
195	103
196	103
197	103
198	103
199	103
200	103
201	103
202	103
203	103
204	103
205	103
206	103
207	103
208	103
42	104
43	104
44	104
45	104
46	104
47	104
48	104
49	104
50	104
51	104
52	104
53	104
54	104
55	104
56	104
57	104
58	104
59	104
60	104
61	104
62	104
63	104
64	104
65	104
66	104
67	104
68	104
69	104
70	104
71	104
72	104
73	104
74	104
75	104
76	104
77	104
78	104
79	104
80	104
81	104
82	104
83	104
84	104
85	104
86	104
87	104
88	104
89	104
127	104
128	104
129	104
130	104
131	104
132	104
133	104
134	104
135	104
136	104
137	104
138	104
139	104
140	104
141	104
142	104
143	104
144	104
145	104
146	104
147	104
148	104
149	104
150	104
151	104
152	104
153	104
154	104
155	104
156	104
157	104
158	104
159	104
160	104
161	104
162	104
163	104
164	104
165	104
166	104
167	104
168	104
169	104
170	104
171	104
172	104
173	104
174	104
175	104
176	104
177	104
178	104
179	104
180	104
181	104
182	104
183	104
184	104
185	104
186	104
187	104
188	104
189	104
190	104
191	104
192	104
193	104
194	104
195	104
196	104
197	104
198	104
199	104
200	104
201	104
202	104
203	104
204	104
205	104
206	104
207	104
208	104
43	105
44	105
45	105
46	105
47	105
48	105
49	105
50	105
51	105
52	105
53	105
54	105
55	105
56	105
57	105
58	105
59	105
60	105
61	105
62	105
63	105
64	105
65	105
66	105
67	105
68	105
69	105
70	105
71	105
72	105
73	105
74	105
75	105
76	105
77	105
78	105
79	105
80	105
81	105
82	105
83	105
84	105
85	105
86	105
87	105
88	105
89	105
90	105
126	105
127	105
128	105
129	105
130	105
131	105
132	105
133	105
134	105
135	105
136	105
137	105
138	105
139	105
140	105
141	105
142	105
143	105
144	105
145	105
146	105
147	105
148	105
149	105
150	105
151	105
152	105
153	105
154	105
155	105
156	105
157	105
158	105
159	105
160	105
161	105
162	105
163	105
164	105
165	105
166	105
167	105
168	105
169	105
170	105
171	105
172	105
173	105
174	105
175	105
176	105
177	105
178	105
179	105
180	105
181	105
182	105
183	105
184	105
185	105
186	105
187	105
188	105
189	105
190	105
191	105
192	105
193	105
194	105
195	105
196	105
197	105
198	105
199	105
200	105
201	105
202	105
203	105
204	105
205	105
206	105
207	105
208	105
43	106
44	106
45	106
46	106
47	106
48	106
49	106
50	106
51	106
52	106
53	106
54	106
55	106
56	106
57	106
58	106
59	106
60	106
61	106
62	106
63	106
64	106
65	106
66	106
67	106
68	106
69	106
70	106
71	106
72	106
73	106
74	106
75	106
76	106
77	106
78	106
79	106
80	106
81	106
82	106
83	106
84	106
85	106
86	106
87	106
88	106
89	106
90	106
125	106
126	106
127	106
128	106
129	106
130	106
131	106
132	106
133	106
134	106
135	106
136	106
137	106
138	106
139	106
140	106
141	106
142	106
143	106
144	106
145	106
146	106
147	106
148	106
149	106
150	106
151	106
152	106
153	106
154	106
155	106
156	106
157	106
158	106
159	106
160	106
161	106
162	106
163	106
164	106
165	106
166	106
167	106
168	106
169	106
170	106
171	106
172	106
173	106
174	106
175	106
176	106
177	106
178	106
179	106
180	106
181	106
182	106
183	106
184	106
185	106
186	106
187	106
188	106
189	106
190	106
191	106
192	106
193	106
194	106
195	106
196	106
197	106
198	106
199	106
200	106
201	106
202	106
203	106
204	106
205	106
206	106
207	106
208	106
44	107
45	107
46	107
47	107
48	107
49	107
50	107
51	107
52	107
53	107
54	107
55	107
56	107
57	107
58	107
59	107
60	107
61	107
62	107
63	107
64	107
65	107
66	107
67	107
68	107
69	107
70	107
71	107
72	107
73	107
74	107
75	107
76	107
77	107
78	107
79	107
80	107
81	107
82	107
83	107
84	107
85	107
86	107
87	107
88	107
89	107
90	107
91	107
125	107
126	107
127	107
128	107
129	107
130	107
131	107
132	107
133	107
134	107
135	107
136	107
137	107
138	107
139	107
140	107
141	107
142	107
143	107
144	107
145	107
146	107
147	107
148	107
149	107
150	107
151	107
152	107
153	107
154	107
155	107
156	107
157	107
158	107
159	107
160	107
161	107
162	107
163	107
164	107
165	107
166	107
167	107
168	107
169	107
170	107
171	107
172	107
173	107
174	107
175	107
176	107
177	107
178	107
179	107
180	107
181	107
182	107
183	107
184	107
185	107
186	107
187	107
188	107
189	107
190	107
191	107
192	107
193	107
194	107
195	107
196	107
197	107
198	107
199	107
200	107
201	107
202	107
203	107
204	107
205	107
206	107
207	107
208	107
44	108
45	108
46	108
47	108
48	108
49	108
50	108
51	108
52	108
53	108
54	108
55	108
56	108
57	108
58	108
59	108
60	108
61	108
62	108
63	108
64	108
65	108
66	108
67	108
68	108
69	108
70	108
71	108
72	108
73	108
74	108
75	108
76	108
77	108
78	108
79	108
80	108
81	108
82	108
83	108
84	108
85	108
86	108
87	108
88	108
89	108
90	108
91	108
125	108
126	108
127	108
128	108
129	108
130	108
131	108
132	108
133	108
134	108
135	108
136	108
137	108
138	108
139	108
140	108
141	108
142	108
143	108
144	108
145	108
146	108
147	108
148	108
149	108
150	108
151	108
152	108
153	108
154	108
155	108
156	108
157	108
158	108
159	108
160	108
161	108
162	108
163	108
164	108
165	108
166	108
167	108
168	108
169	108
170	108
171	108
172	108
173	108
174	108
175	108
176	108
177	108
178	108
179	108
180	108
181	108
182	108
183	108
184	108
185	108
186	108
187	108
188	108
189	108
190	108
191	108
192	108
193	108
194	108
195	108
196	108
197	108
198	108
199	108
200	108
201	108
202	108
203	108
204	108
205	108
206	108
207	108
208	108
45	109
46	109
47	109
48	109
49	109
50	109
51	109
52	109
53	109
54	109
55	109
56	109
57	109
58	109
59	109
60	109
61	109
62	109
63	109
64	109
65	109
66	109
67	109
68	109
69	109
70	109
71	109
72	109
73	109
74	109
75	109
76	109
77	109
78	109
79	109
80	109
81	109
82	109
83	109
84	109
85	109
86	109
87	109
88	109
89	109
90	109
91	109
124	109
125	109
126	109
127	109
128	109
129	109
130	109
131	109
132	109
133	109
134	109
135	109
136	109
137	109
138	109
139	109
140	109
141	109
142	109
143	109
144	109
145	109
146	109
147	109
148	109
149	109
150	109
151	109
152	109
153	109
154	109
155	109
156	109
157	109
158	109
159	109
160	109
161	109
162	109
163	109
164	109
165	109
166	109
167	109
168	109
169	109
170	109
171	109
172	109
173	109
174	109
175	109
176	109
177	109
178	109
179	109
180	109
181	109
182	109
183	109
184	109
185	109
186	109
187	109
188	109
189	109
190	109
191	109
192	109
193	109
194	109
195	109
196	109
197	109
198	109
199	109
200	109
201	109
202	109
203	109
204	109
205	109
206	109
207	109
208	109
46	110
47	110
48	110
49	110
50	110
51	110
52	110
53	110
54	110
55	110
56	110
57	110
58	110
59	110
60	110
61	110
62	110
63	110
64	110
65	110
66	110
67	110
68	110
69	110
70	110
71	110
72	110
73	110
74	110
75	110
76	110
77	110
78	110
79	110
80	110
81	110
82	110
83	110
84	110
85	110
86	110
87	110
88	110
89	110
90	110
91	110
124	110
125	110
126	110
127	110
128	110
129	110
130	110
131	110
132	110
133	110
134	110
135	110
136	110
137	110
138	110
139	110
140	110
141	110
142	110
143	110
144	110
145	110
146	110
147	110
148	110
149	110
150	110
151	110
152	110
153	110
154	110
155	110
156	110
157	110
158	110
159	110
160	110
161	110
162	110
163	110
164	110
165	110
166	110
167	110
168	110
169	110
170	110
171	110
172	110
173	110
174	110
175	110
176	110
177	110
178	110
179	110
180	110
181	110
182	110
183	110
184	110
185	110
186	110
187	110
188	110
189	110
190	110
191	110
192	110
193	110
194	110
195	110
196	110
197	110
198	110
199	110
200	110
201	110
202	110
203	110
204	110
205	110
206	110
207	110
208	110
47	111
48	111
49	111
50	111
51	111
52	111
53	111
54	111
55	111
56	111
57	111
58	111
59	111
60	111
61	111
62	111
63	111
64	111
65	111
66	111
67	111
68	111
69	111
70	111
71	111
72	111
73	111
74	111
75	111
76	111
77	111
78	111
79	111
80	111
81	111
82	111
83	111
84	111
85	111
86	111
87	111
88	111
89	111
90	111
91	111
92	111
124	111
125	111
126	111
127	111
128	111
129	111
130	111
131	111
132	111
133	111
134	111
135	111
136	111
137	111
138	111
139	111
140	111
141	111
142	111
143	111
144	111
145	111
146	111
147	111
148	111
149	111
150	111
151	111
152	111
153	111
154	111
155	111
156	111
157	111
158	111
159	111
160	111
161	111
162	111
163	111
164	111
165	111
166	111
167	111
168	111
169	111
170	111
171	111
172	111
173	111
174	111
175	111
176	111
177	111
178	111
179	111
180	111
181	111
182	111
183	111
184	111
185	111
186	111
187	111
188	111
189	111
190	111
191	111
192	111
193	111
194	111
195	111
196	111
197	111
198	111
199	111
200	111
201	111
202	111
203	111
204	111
205	111
206	111
207	111
208	111
48	112
49	112
50	112
51	112
52	112
53	112
54	112
55	112
56	112
57	112
58	112
59	112
60	112
61	112
62	112
63	112
64	112
65	112
66	112
67	112
68	112
69	112
70	112
71	112
72	112
73	112
74	112
75	112
76	112
77	112
78	112
79	112
80	112
81	112
82	112
83	112
84	112
85	112
86	112
87	112
88	112
89	112
90	112
91	112
92	112
124	112
125	112
126	112
127	112
128	112
129	112
130	112
131	112
132	112
133	112
134	112
135	112
136	112
137	112
138	112
139	112
140	112
141	112
142	112
143	112
144	112
145	112
146	112
147	112
148	112
149	112
150	112
151	112
152	112
153	112
154	112
155	112
156	112
157	112
158	112
159	112
160	112
161	112
162	112
163	112
164	112
165	112
166	112
167	112
168	112
169	112
170	112
171	112
172	112
173	112
174	112
175	112
176	112
177	112
178	112
179	112
180	112
181	112
182	112
183	112
184	112
185	112
186	112
187	112
188	112
189	112
190	112
191	112
192	112
193	112
194	112
195	112
196	112
197	112
198	112
199	112
200	112
201	112
202	112
203	112
204	112
205	112
206	112
207	112
208	112
49	113
50	113
51	113
52	113
53	113
54	113
55	113
56	113
57	113
58	113
59	113
60	113
61	113
62	113
63	113
64	113
65	113
66	113
67	113
68	113
69	113
70	113
71	113
72	113
73	113
74	113
75	113
76	113
77	113
78	113
79	113
80	113
81	113
82	113
83	113
84	113
85	113
86	113
87	113
88	113
89	113
90	113
91	113
92	113
123	113
124	113
125	113
126	113
127	113
128	113
129	113
130	113
131	113
132	113
133	113
134	113
135	113
136	113
137	113
138	113
139	113
140	113
141	113
142	113
143	113
144	113
145	113
146	113
147	113
148	113
149	113
150	113
151	113
152	113
153	113
154	113
155	113
156	113
157	113
158	113
159	113
160	113
161	113
162	113
163	113
164	113
165	113
166	113
167	113
168	113
169	113
170	113
171	113
172	113
173	113
174	113
175	113
176	113
177	113
178	113
179	113
180	113
181	113
182	113
183	113
184	113
185	113
186	113
187	113
188	113
189	113
190	113
191	113
192	113
193	113
194	113
195	113
196	113
197	113
198	113
199	113
200	113
201	113
202	113
203	113
204	113
205	113
206	113
207	113
208	113
50	114
51	114
52	114
53	114
54	114
55	114
56	114
57	114
58	114
59	114
60	114
61	114
62	114
63	114
64	114
65	114
66	114
67	114
68	114
69	114
70	114
71	114
72	114
73	114
74	114
75	114
76	114
77	114
78	114
79	114
80	114
81	114
82	114
83	114
84	114
85	114
86	114
87	114
88	114
89	114
90	114
91	114
92	114
123	114
124	114
125	114
126	114
127	114
128	114
129	114
130	114
131	114
132	114
133	114
134	114
135	114
136	114
137	114
138	114
139	114
140	114
141	114
142	114
143	114
144	114
145	114
146	114
147	114
148	114
149	114
150	114
151	114
152	114
153	114
154	114
155	114
156	114
157	114
158	114
159	114
160	114
161	114
162	114
163	114
164	114
165	114
166	114
167	114
168	114
169	114
170	114
171	114
172	114
173	114
174	114
175	114
176	114
177	114
178	114
179	114
180	114
181	114
182	114
183	114
184	114
185	114
186	114
187	114
188	114
189	114
190	114
191	114
192	114
193	114
194	114
195	114
196	114
197	114
198	114
199	114
200	114
201	114
202	114
203	114
204	114
205	114
206	114
207	114
208	114
51	115
52	115
53	115
54	115
55	115
56	115
57	115
58	115
59	115
60	115
61	115
62	115
63	115
64	115
65	115
66	115
67	115
68	115
69	115
70	115
71	115
72	115
73	115
74	115
75	115
76	115
77	115
78	115
79	115
80	115
81	115
82	115
83	115
84	115
85	115
86	115
87	115
88	115
89	115
90	115
91	115
92	115
123	115
124	115
125	115
126	115
127	115
128	115
129	115
130	115
131	115
132	115
133	115
134	115
135	115
136	115
137	115
138	115
139	115
140	115
141	115
142	115
143	115
144	115
145	115
146	115
147	115
148	115
149	115
150	115
151	115
152	115
153	115
154	115
155	115
156	115
157	115
158	115
159	115
160	115
161	115
162	115
163	115
164	115
165	115
166	115
167	115
168	115
169	115
170	115
171	115
172	115
173	115
174	115
175	115
176	115
177	115
178	115
179	115
180	115
181	115
182	115
183	115
184	115
185	115
186	115
187	115
188	115
189	115
190	115
191	115
192	115
193	115
194	115
195	115
196	115
197	115
198	115
199	115
200	115
201	115
202	115
203	115
204	115
205	115
206	115
207	115
208	115
52	116
53	116
54	116
55	116
56	116
57	116
58	116
59	116
60	116
61	116
62	116
63	116
64	116
65	116
66	116
67	116
68	116
69	116
70	116
71	116
72	116
73	116
74	116
75	116
76	116
77	116
78	116
79	116
80	116
81	116
82	116
83	116
84	116
85	116
86	116
87	116
88	116
89	116
90	116
91	116
92	116
123	116
124	116
125	116
126	116
127	116
128	116
129	116
130	116
131	116
132	116
133	116
134	116
135	116
136	116
137	116
138	116
139	116
140	116
141	116
142	116
143	116
144	116
145	116
146	116
147	116
148	116
149	116
150	116
151	116
152	116
153	116
154	116
155	116
156	116
157	116
158	116
159	116
160	116
161	116
162	116
163	116
164	116
165	116
166	116
167	116
168	116
169	116
170	116
171	116
172	116
173	116
174	116
175	116
176	116
177	116
178	116
179	116
180	116
181	116
182	116
183	116
184	116
185	116
186	116
187	116
188	116
189	116
190	116
191	116
192	116
193	116
194	116
195	116
196	116
197	116
198	116
199	116
200	116
201	116
202	116
203	116
204	116
205	116
206	116
207	116
208	116
53	117
54	117
55	117
56	117
57	117
58	117
59	117
60	117
61	117
62	117
63	117
64	117
65	117
66	117
67	117
68	117
69	117
70	117
71	117
72	117
73	117
74	117
75	117
76	117
77	117
78	117
79	117
80	117
81	117
82	117
83	117
84	117
85	117
86	117
87	117
88	117
89	117
90	117
91	117
92	117
93	117
122	117
123	117
124	117
125	117
126	117
127	117
128	117
129	117
130	117
131	117
132	117
133	117
134	117
135	117
136	117
137	117
138	117
139	117
140	117
141	117
142	117
143	117
144	117
145	117
146	117
147	117
148	117
149	117
150	117
151	117
152	117
153	117
154	117
155	117
156	117
157	117
158	117
159	117
160	117
161	117
162	117
163	117
164	117
165	117
166	117
167	117
168	117
169	117
170	117
171	117
172	117
173	117
174	117
175	117
176	117
177	117
178	117
179	117
180	117
181	117
182	117
183	117
184	117
185	117
186	117
187	117
188	117
189	117
190	117
191	117
192	117
193	117
194	117
195	117
196	117
197	117
198	117
199	117
200	117
201	117
202	117
203	117
204	117
205	117
206	117
207	117
208	117
54	118
55	118
56	118
57	118
58	118
59	118
60	118
61	118
62	118
63	118
64	118
65	118
66	118
67	118
68	118
69	118
70	118
71	118
72	118
73	118
74	118
75	118
76	118
77	118
78	118
79	118
80	118
81	118
82	118
83	118
84	118
85	118
86	118
87	118
88	118
89	118
90	118
91	118
92	118
93	118
121	118
122	118
123	118
124	118
125	118
126	118
127	118
128	118
129	118
130	118
131	118
132	118
133	118
134	118
135	118
136	118
137	118
138	118
139	118
140	118
141	118
142	118
143	118
144	118
145	118
146	118
147	118
148	118
149	118
150	118
151	118
152	118
153	118
154	118
155	118
156	118
157	118
158	118
159	118
160	118
161	118
162	118
163	118
164	118
165	118
166	118
167	118
168	118
169	118
170	118
171	118
172	118
173	118
174	118
175	118
176	118
177	118
178	118
179	118
180	118
181	118
182	118
183	118
184	118
185	118
186	118
187	118
188	118
189	118
190	118
191	118
192	118
193	118
194	118
195	118
196	118
197	118
198	118
199	118
200	118
201	118
202	118
203	118
204	118
205	118
206	118
207	118
208	118
54	119
55	119
56	119
57	119
58	119
59	119
60	119
61	119
62	119
63	119
64	119
65	119
66	119
67	119
68	119
69	119
70	119
71	119
72	119
73	119
74	119
75	119
76	119
77	119
78	119
79	119
80	119
81	119
82	119
83	119
84	119
85	119
86	119
87	119
88	119
89	119
90	119
91	119
92	119
93	119
119	119
120	119
121	119
122	119
123	119
124	119
125	119
126	119
127	119
128	119
129	119
130	119
131	119
132	119
133	119
134	119
135	119
136	119
137	119
138	119
139	119
140	119
141	119
142	119
143	119
144	119
145	119
146	119
147	119
148	119
149	119
150	119
151	119
152	119
153	119
154	119
155	119
156	119
157	119
158	119
159	119
160	119
161	119
162	119
163	119
164	119
165	119
166	119
167	119
168	119
169	119
170	119
171	119
172	119
173	119
174	119
175	119
176	119
177	119
178	119
179	119
180	119
181	119
182	119
183	119
184	119
185	119
186	119
187	119
188	119
189	119
190	119
191	119
192	119
193	119
194	119
195	119
196	119
197	119
198	119
199	119
200	119
201	119
202	119
203	119
204	119
205	119
206	119
207	119
208	119
55	120
56	120
57	120
58	120
59	120
60	120
61	120
62	120
63	120
64	120
65	120
66	120
67	120
68	120
69	120
70	120
71	120
72	120
73	120
74	120
75	120
76	120
77	120
78	120
79	120
80	120
81	120
82	120
83	120
84	120
85	120
86	120
87	120
88	120
89	120
90	120
91	120
92	120
93	120
118	120
119	120
120	120
121	120
122	120
123	120
124	120
125	120
126	120
127	120
128	120
129	120
130	120
131	120
132	120
133	120
134	120
135	120
136	120
137	120
138	120
139	120
140	120
141	120
142	120
143	120
144	120
145	120
146	120
147	120
148	120
149	120
150	120
151	120
152	120
153	120
154	120
155	120
156	120
157	120
158	120
159	120
160	120
161	120
162	120
163	120
164	120
165	120
166	120
167	120
168	120
169	120
170	120
171	120
172	120
173	120
174	120
175	120
176	120
177	120
178	120
179	120
180	120
181	120
182	120
183	120
184	120
185	120
186	120
187	120
188	120
189	120
190	120
191	120
192	120
193	120
194	120
195	120
196	120
197	120
198	120
199	120
200	120
201	120
202	120
203	120
204	120
205	120
206	120
207	120
208	120
56	121
57	121
58	121
59	121
60	121
61	121
62	121
63	121
64	121
65	121
66	121
67	121
68	121
69	121
70	121
71	121
72	121
73	121
74	121
75	121
76	121
77	121
78	121
79	121
80	121
81	121
82	121
83	121
84	121
85	121
86	121
87	121
88	121
89	121
90	121
91	121
92	121
93	121
117	121
118	121
119	121
120	121
121	121
122	121
123	121
124	121
125	121
126	121
127	121
128	121
129	121
130	121
131	121
132	121
133	121
134	121
135	121
136	121
137	121
138	121
139	121
140	121
141	121
142	121
143	121
144	121
145	121
146	121
147	121
148	121
149	121
150	121
151	121
152	121
153	121
154	121
155	121
156	121
157	121
158	121
159	121
160	121
161	121
162	121
163	121
164	121
165	121
166	121
167	121
168	121
169	121
170	121
171	121
172	121
173	121
174	121
175	121
176	121
177	121
178	121
179	121
180	121
181	121
182	121
183	121
184	121
185	121
186	121
187	121
188	121
189	121
190	121
191	121
192	121
193	121
194	121
195	121
196	121
197	121
198	121
199	121
200	121
201	121
202	121
203	121
204	121
205	121
206	121
207	121
208	121
57	122
58	122
59	122
60	122
61	122
62	122
63	122
64	122
65	122
66	122
67	122
68	122
69	122
70	122
71	122
72	122
73	122
74	122
75	122
76	122
77	122
78	122
79	122
80	122
81	122
82	122
83	122
84	122
85	122
86	122
87	122
88	122
89	122
90	122
91	122
92	122
93	122
116	122
117	122
118	122
119	122
120	122
121	122
122	122
123	122
124	122
125	122
126	122
127	122
128	122
129	122
130	122
131	122
132	122
133	122
134	122
135	122
136	122
137	122
138	122
139	122
140	122
141	122
142	122
143	122
144	122
145	122
146	122
147	122
148	122
149	122
150	122
151	122
152	122
153	122
154	122
155	122
156	122
157	122
158	122
159	122
160	122
161	122
162	122
163	122
164	122
165	122
166	122
167	122
168	122
169	122
170	122
171	122
172	122
173	122
174	122
175	122
176	122
177	122
178	122
179	122
180	122
181	122
182	122
183	122
184	122
185	122
186	122
187	122
188	122
189	122
190	122
191	122
192	122
193	122
194	122
195	122
196	122
197	122
198	122
199	122
200	122
201	122
202	122
203	122
204	122
205	122
206	122
207	122
208	122
58	123
59	123
60	123
61	123
62	123
63	123
64	123
65	123
66	123
67	123
68	123
69	123
70	123
71	123
72	123
73	123
74	123
75	123
76	123
77	123
78	123
79	123
80	123
81	123
82	123
83	123
84	123
85	123
86	123
87	123
88	123
89	123
90	123
91	123
92	123
93	123
116	123
117	123
118	123
119	123
120	123
121	123
122	123
123	123
124	123
125	123
126	123
127	123
128	123
129	123
130	123
131	123
132	123
133	123
134	123
135	123
136	123
137	123
138	123
139	123
140	123
141	123
142	123
143	123
144	123
145	123
146	123
147	123
148	123
149	123
150	123
151	123
152	123
153	123
154	123
155	123
156	123
157	123
158	123
159	123
160	123
161	123
162	123
163	123
164	123
165	123
166	123
167	123
168	123
169	123
170	123
171	123
172	123
173	123
174	123
175	123
176	123
177	123
178	123
179	123
180	123
181	123
182	123
183	123
184	123
185	123
186	123
187	123
188	123
189	123
190	123
191	123
192	123
193	123
194	123
195	123
196	123
197	123
198	123
199	123
200	123
201	123
202	123
203	123
204	123
205	123
206	123
207	123
208	123
59	124
60	124
61	124
62	124
63	124
64	124
65	124
66	124
67	124
68	124
69	124
70	124
71	124
72	124
73	124
74	124
75	124
76	124
77	124
78	124
79	124
80	124
81	124
82	124
83	124
84	124
85	124
86	124
87	124
88	124
89	124
90	124
91	124
92	124
94	124
115	124
116	124
117	124
118	124
119	124
120	124
121	124
122	124
123	124
124	124
125	124
126	124
127	124
128	124
129	124
130	124
131	124
132	124
133	124
134	124
135	124
136	124
137	124
138	124
139	124
140	124
141	124
142	124
143	124
144	124
145	124
146	124
147	124
148	124
149	124
150	124
151	124
152	124
153	124
154	124
155	124
156	124
157	124
158	124
159	124
160	124
161	124
162	124
163	124
164	124
165	124
166	124
167	124
168	124
169	124
170	124
171	124
172	124
173	124
174	124
175	124
176	124
177	124
178	124
179	124
180	124
181	124
182	124
183	124
184	124
185	124
186	124
187	124
188	124
189	124
190	124
191	124
192	124
193	124
194	124
195	124
196	124
197	124
198	124
199	124
200	124
201	124
202	124
203	124
204	124
205	124
206	124
207	124
208	124
59	125
60	125
61	125
62	125
63	125
64	125
65	125
66	125
67	125
68	125
69	125
70	125
71	125
72	125
73	125
74	125
75	125
76	125
77	125
78	125
79	125
80	125
81	125
82	125
83	125
84	125
85	125
86	125
87	125
88	125
89	125
90	125
91	125
92	125
93	125
94	125
114	125
115	125
116	125
117	125
118	125
119	125
120	125
121	125
122	125
123	125
124	125
125	125
126	125
127	125
128	125
129	125
130	125
131	125
132	125
133	125
134	125
135	125
136	125
137	125
138	125
139	125
140	125
141	125
142	125
143	125
144	125
145	125
146	125
147	125
148	125
149	125
150	125
151	125
152	125
153	125
154	125
155	125
156	125
157	125
158	125
159	125
160	125
161	125
162	125
163	125
164	125
165	125
166	125
167	125
168	125
169	125
170	125
171	125
172	125
173	125
174	125
175	125
176	125
177	125
178	125
179	125
180	125
181	125
182	125
183	125
184	125
185	125
186	125
187	125
188	125
189	125
190	125
191	125
192	125
193	125
194	125
195	125
196	125
197	125
198	125
199	125
200	125
201	125
202	125
203	125
204	125
205	125
206	125
207	125
208	125
60	126
61	126
62	126
63	126
64	126
65	126
66	126
67	126
68	126
69	126
70	126
71	126
72	126
73	126
74	126
75	126
76	126
77	126
78	126
79	126
80	126
81	126
82	126
83	126
84	126
85	126
86	126
87	126
88	126
89	126
90	126
91	126
92	126
114	126
115	126
116	126
117	126
118	126
119	126
120	126
121	126
122	126
123	126
124	126
125	126
126	126
127	126
128	126
129	126
130	126
131	126
132	126
133	126
134	126
135	126
136	126
137	126
138	126
139	126
140	126
141	126
142	126
143	126
144	126
145	126
146	126
147	126
148	126
149	126
150	126
151	126
152	126
153	126
154	126
155	126
156	126
157	126
158	126
159	126
160	126
161	126
162	126
163	126
164	126
165	126
166	126
167	126
168	126
169	126
170	126
171	126
172	126
173	126
174	126
175	126
176	126
177	126
178	126
179	126
180	126
181	126
182	126
183	126
184	126
185	126
186	126
187	126
188	126
189	126
190	126
191	126
192	126
193	126
194	126
195	126
196	126
197	126
198	126
199	126
200	126
201	126
202	126
203	126
204	126
205	126
206	126
207	126
208	126
61	127
62	127
63	127
64	127
65	127
66	127
67	127
68	127
69	127
70	127
71	127
72	127
73	127
74	127
75	127
76	127
77	127
78	127
79	127
80	127
81	127
82	127
83	127
84	127
85	127
86	127
87	127
88	127
89	127
90	127
91	127
92	127
93	127
94	127
113	127
114	127
115	127
116	127
117	127
118	127
119	127
120	127
121	127
122	127
123	127
124	127
125	127
126	127
127	127
128	127
129	127
130	127
131	127
132	127
133	127
134	127
135	127
136	127
137	127
138	127
139	127
140	127
141	127
142	127
143	127
144	127
145	127
146	127
147	127
148	127
149	127
150	127
151	127
152	127
153	127
154	127
155	127
156	127
157	127
158	127
159	127
160	127
161	127
162	127
163	127
164	127
165	127
166	127
167	127
168	127
169	127
170	127
171	127
172	127
173	127
174	127
175	127
176	127
177	127
178	127
179	127
180	127
181	127
182	127
183	127
184	127
185	127
186	127
187	127
188	127
189	127
190	127
191	127
192	127
193	127
194	127
195	127
196	127
197	127
198	127
199	127
200	127
201	127
202	127
203	127
204	127
205	127
206	127
207	127
208	127
62	128
63	128
64	128
65	128
66	128
67	128
68	128
69	128
70	128
71	128
72	128
73	128
74	128
75	128
76	128
77	128
78	128
79	128
80	128
81	128
82	128
83	128
84	128
85	128
86	128
87	128
88	128
89	128
90	128
91	128
92	128
94	128
95	128
113	128
114	128
115	128
116	128
117	128
118	128
119	128
120	128
121	128
122	128
123	128
124	128
125	128
126	128
127	128
128	128
129	128
130	128
131	128
132	128
133	128
134	128
135	128
136	128
137	128
138	128
139	128
140	128
141	128
142	128
143	128
144	128
145	128
146	128
147	128
148	128
149	128
150	128
151	128
152	128
153	128
154	128
155	128
156	128
157	128
158	128
159	128
160	128
161	128
162	128
163	128
164	128
165	128
166	128
167	128
168	128
169	128
170	128
171	128
172	128
173	128
174	128
175	128
176	128
177	128
178	128
179	128
180	128
181	128
182	128
183	128
184	128
185	128
186	128
187	128
188	128
189	128
190	128
191	128
192	128
193	128
194	128
195	128
196	128
197	128
198	128
199	128
200	128
201	128
202	128
203	128
204	128
205	128
206	128
207	128
208	128
63	129
64	129
65	129
66	129
67	129
68	129
69	129
70	129
71	129
72	129
73	129
74	129
75	129
76	129
77	129
78	129
79	129
80	129
81	129
82	129
83	129
84	129
85	129
86	129
87	129
88	129
89	129
90	129
91	129
94	129
95	129
113	129
114	129
115	129
116	129
117	129
118	129
119	129
120	129
121	129
122	129
123	129
124	129
125	129
126	129
127	129
128	129
129	129
130	129
131	129
132	129
133	129
134	129
135	129
136	129
137	129
138	129
139	129
140	129
141	129
142	129
143	129
144	129
145	129
146	129
147	129
148	129
149	129
150	129
151	129
152	129
153	129
154	129
155	129
156	129
157	129
158	129
159	129
160	129
161	129
162	129
163	129
164	129
165	129
166	129
167	129
168	129
169	129
170	129
171	129
172	129
173	129
174	129
175	129
176	129
177	129
178	129
179	129
180	129
181	129
182	129
183	129
184	129
185	129
186	129
187	129
188	129
189	129
190	129
191	129
192	129
193	129
194	129
195	129
196	129
197	129
198	129
199	129
200	129
201	129
202	129
203	129
204	129
205	129
206	129
207	129
208	129
64	130
65	130
66	130
67	130
68	130
69	130
70	130
71	130
72	130
73	130
74	130
75	130
76	130
77	130
78	130
79	130
80	130
81	130
82	130
83	130
84	130
85	130
86	130
87	130
88	130
89	130
90	130
91	130
92	130
93	130
94	130
95	130
112	130
113	130
114	130
115	130
116	130
117	130
118	130
119	130
120	130
121	130
122	130
123	130
124	130
125	130
126	130
127	130
128	130
129	130
130	130
131	130
132	130
133	130
134	130
135	130
136	130
137	130
138	130
139	130
140	130
141	130
142	130
143	130
144	130
145	130
146	130
147	130
148	130
149	130
150	130
151	130
152	130
153	130
154	130
155	130
156	130
157	130
158	130
159	130
160	130
161	130
162	130
163	130
164	130
165	130
166	130
167	130
168	130
169	130
170	130
171	130
172	130
173	130
174	130
175	130
176	130
177	130
178	130
179	130
180	130
181	130
182	130
183	130
184	130
185	130
186	130
187	130
188	130
189	130
190	130
191	130
192	130
193	130
194	130
195	130
196	130
197	130
198	130
199	130
200	130
201	130
202	130
203	130
204	130
205	130
206	130
207	130
208	130
65	131
66	131
67	131
68	131
69	131
70	131
71	131
72	131
73	131
74	131
75	131
76	131
77	131
78	131
79	131
80	131
81	131
82	131
83	131
84	131
85	131
86	131
87	131
88	131
89	131
90	131
91	131
92	131
93	131
94	131
95	131
111	131
112	131
113	131
114	131
115	131
116	131
117	131
118	131
119	131
120	131
121	131
122	131
123	131
124	131
125	131
126	131
127	131
128	131
129	131
130	131
131	131
132	131
133	131
134	131
135	131
136	131
137	131
138	131
139	131
140	131
141	131
142	131
143	131
144	131
145	131
146	131
147	131
148	131
149	131
150	131
151	131
152	131
153	131
154	131
155	131
156	131
157	131
158	131
159	131
160	131
161	131
162	131
163	131
164	131
165	131
166	131
167	131
168	131
169	131
170	131
171	131
172	131
173	131
174	131
175	131
176	131
177	131
178	131
179	131
180	131
181	131
182	131
183	131
184	131
185	131
186	131
187	131
188	131
189	131
190	131
191	131
192	131
193	131
194	131
195	131
196	131
197	131
198	131
199	131
200	131
201	131
202	131
203	131
204	131
205	131
206	131
207	131
208	131
66	132
67	132
68	132
69	132
70	132
71	132
72	132
73	132
74	132
75	132
76	132
77	132
78	132
79	132
80	132
81	132
82	132
83	132
84	132
85	132
86	132
87	132
88	132
89	132
90	132
91	132
92	132
93	132
94	132
95	132
96	132
110	132
111	132
112	132
113	132
114	132
115	132
116	132
117	132
118	132
119	132
120	132
121	132
122	132
123	132
124	132
125	132
126	132
127	132
128	132
129	132
130	132
131	132
132	132
133	132
134	132
135	132
136	132
137	132
138	132
139	132
140	132
141	132
142	132
143	132
144	132
145	132
146	132
147	132
148	132
149	132
150	132
151	132
152	132
153	132
154	132
155	132
156	132
157	132
158	132
159	132
160	132
161	132
162	132
163	132
164	132
165	132
166	132
167	132
168	132
169	132
170	132
171	132
172	132
173	132
174	132
175	132
176	132
177	132
178	132
179	132
180	132
181	132
182	132
183	132
184	132
185	132
186	132
187	132
188	132
189	132
190	132
191	132
192	132
193	132
194	132
195	132
196	132
197	132
198	132
199	132
200	132
201	132
202	132
203	132
204	132
205	132
206	132
207	132
208	132
66	133
67	133
68	133
69	133
70	133
71	133
72	133
73	133
74	133
75	133
76	133
77	133
78	133
79	133
80	133
81	133
82	133
83	133
84	133
85	133
86	133
87	133
88	133
89	133
90	133
91	133
92	133
93	133
94	133
95	133
96	133
105	133
106	133
107	133
108	133
109	133
110	133
111	133
112	133
113	133
114	133
115	133
116	133
117	133
118	133
119	133
120	133
121	133
122	133
123	133
124	133
125	133
126	133
127	133
128	133
129	133
130	133
131	133
132	133
133	133
134	133
135	133
136	133
137	133
138	133
139	133
140	133
141	133
142	133
143	133
144	133
145	133
146	133
147	133
148	133
149	133
150	133
151	133
152	133
153	133
154	133
155	133
156	133
157	133
158	133
159	133
160	133
161	133
162	133
163	133
164	133
165	133
166	133
167	133
168	133
169	133
170	133
171	133
172	133
173	133
174	133
175	133
176	133
177	133
178	133
179	133
180	133
181	133
182	133
183	133
184	133
185	133
186	133
187	133
188	133
189	133
190	133
191	133
192	133
193	133
194	133
195	133
196	133
197	133
198	133
199	133
200	133
201	133
202	133
203	133
204	133
205	133
206	133
207	133
208	133
67	134
68	134
69	134
70	134
71	134
72	134
73	134
74	134
75	134
76	134
77	134
78	134
79	134
80	134
81	134
82	134
83	134
84	134
85	134
86	134
87	134
88	134
89	134
90	134
91	134
92	134
93	134
94	134
95	134
96	134
97	134
102	134
103	134
104	134
105	134
106	134
107	134
108	134
109	134
110	134
111	134
112	134
113	134
114	134
115	134
116	134
117	134
118	134
119	134
120	134
121	134
122	134
123	134
124	134
125	134
126	134
127	134
128	134
129	134
130	134
131	134
132	134
133	134
134	134
135	134
136	134
137	134
138	134
139	134
140	134
141	134
142	134
143	134
144	134
145	134
146	134
147	134
148	134
149	134
150	134
151	134
152	134
153	134
154	134
155	134
156	134
157	134
158	134
159	134
160	134
161	134
162	134
163	134
164	134
165	134
166	134
167	134
168	134
169	134
170	134
171	134
172	134
173	134
174	134
175	134
176	134
177	134
178	134
179	134
180	134
181	134
182	134
183	134
184	134
185	134
186	134
187	134
188	134
189	134
190	134
191	134
192	134
193	134
194	134
195	134
196	134
197	134
198	134
199	134
200	134
201	134
202	134
203	134
204	134
205	134
206	134
207	134
208	134
68	135
69	135
70	135
71	135
72	135
73	135
74	135
75	135
76	135
77	135
78	135
79	135
80	135
81	135
82	135
83	135
84	135
85	135
86	135
87	135
88	135
89	135
90	135
91	135
92	135
93	135
94	135
95	135
96	135
97	135
98	135
99	135
100	135
101	135
102	135
103	135
104	135
105	135
106	135
107	135
108	135
109	135
110	135
111	135
112	135
113	135
114	135
115	135
116	135
117	135
118	135
119	135
120	135
121	135
122	135
123	135
124	135
125	135
126	135
127	135
128	135
129	135
130	135
131	135
132	135
133	135
134	135
135	135
136	135
137	135
138	135
139	135
140	135
141	135
142	135
143	135
144	135
145	135
146	135
147	135
148	135
149	135
150	135
151	135
152	135
153	135
154	135
155	135
156	135
157	135
158	135
159	135
160	135
161	135
162	135
163	135
164	135
165	135
166	135
167	135
168	135
169	135
170	135
171	135
172	135
173	135
174	135
175	135
176	135
177	135
178	135
179	135
180	135
181	135
182	135
183	135
184	135
185	135
186	135
187	135
188	135
189	135
190	135
191	135
192	135
193	135
194	135
195	135
196	135
197	135
198	135
199	135
200	135
201	135
202	135
203	135
204	135
205	135
206	135
207	135
208	135
69	136
70	136
71	136
72	136
73	136
74	136
75	136
76	136
77	136
78	136
79	136
80	136
81	136
82	136
83	136
84	136
85	136
86	136
87	136
88	136
89	136
90	136
91	136
92	136
93	136
94	136
95	136
96	136
97	136
98	136
99	136
100	136
103	136
104	136
105	136
106	136
107	136
108	136
109	136
110	136
111	136
112	136
113	136
114	136
115	136
116	136
117	136
118	136
119	136
120	136
121	136
122	136
123	136
124	136
125	136
126	136
127	136
128	136
129	136
130	136
131	136
132	136
133	136
134	136
135	136
136	136
137	136
138	136
139	136
140	136
141	136
142	136
143	136
144	136
145	136
146	136
147	136
148	136
149	136
150	136
151	136
152	136
153	136
154	136
155	136
156	136
157	136
158	136
159	136
160	136
161	136
162	136
163	136
164	136
165	136
166	136
167	136
168	136
169	136
170	136
171	136
172	136
173	136
174	136
175	136
176	136
177	136
178	136
179	136
180	136
181	136
182	136
183	136
184	136
185	136
186	136
187	136
188	136
189	136
190	136
191	136
192	136
193	136
194	136
195	136
196	136
197	136
198	136
199	136
200	136
201	136
202	136
203	136
204	136
205	136
206	136
207	136
208	136
70	137
71	137
72	137
73	137
74	137
75	137
76	137
77	137
78	137
79	137
80	137
81	137
82	137
83	137
84	137
85	137
86	137
87	137
88	137
89	137
90	137
91	137
92	137
93	137
94	137
95	137
96	137
97	137
98	137
99	137
100	137
101	137
103	137
104	137
105	137
106	137
107	137
108	137
109	137
110	137
111	137
112	137
113	137
114	137
115	137
116	137
117	137
118	137
119	137
120	137
121	137
122	137
123	137
124	137
125	137
126	137
127	137
128	137
129	137
130	137
131	137
132	137
133	137
134	137
135	137
136	137
137	137
138	137
139	137
140	137
141	137
142	137
143	137
144	137
145	137
146	137
147	137
148	137
149	137
150	137
151	137
152	137
153	137
154	137
155	137
156	137
157	137
158	137
159	137
160	137
161	137
162	137
163	137
164	137
165	137
166	137
167	137
168	137
169	137
170	137
171	137
172	137
173	137
174	137
175	137
176	137
177	137
178	137
179	137
180	137
181	137
182	137
183	137
184	137
185	137
186	137
187	137
188	137
189	137
190	137
191	137
192	137
193	137
194	137
195	137
196	137
197	137
198	137
199	137
200	137
201	137
202	137
203	137
204	137
205	137
206	137
207	137
208	137
71	138
72	138
73	138
74	138
75	138
76	138
77	138
78	138
79	138
80	138
81	138
82	138
83	138
84	138
85	138
86	138
87	138
88	138
89	138
90	138
91	138
92	138
93	138
94	138
95	138
96	138
97	138
98	138
99	138
100	138
101	138
102	138
103	138
104	138
105	138
106	138
107	138
108	138
109	138
110	138
111	138
112	138
113	138
114	138
115	138
116	138
117	138
118	138
119	138
120	138
121	138
122	138
123	138
124	138
125	138
126	138
127	138
128	138
129	138
130	138
131	138
132	138
133	138
134	138
135	138
136	138
137	138
138	138
139	138
140	138
141	138
142	138
143	138
144	138
145	138
146	138
147	138
148	138
149	138
150	138
151	138
152	138
153	138
154	138
155	138
156	138
157	138
158	138
159	138
160	138
161	138
162	138
163	138
164	138
165	138
166	138
167	138
168	138
169	138
170	138
171	138
172	138
173	138
174	138
175	138
176	138
177	138
178	138
179	138
180	138
181	138
182	138
183	138
184	138
185	138
186	138
187	138
188	138
189	138
190	138
191	138
192	138
193	138
194	138
195	138
196	138
197	138
198	138
199	138
200	138
201	138
202	138
203	138
204	138
205	138
206	138
207	138
208	138
72	139
73	139
74	139
75	139
76	139
77	139
78	139
79	139
80	139
81	139
82	139
83	139
84	139
85	139
86	139
87	139
88	139
89	139
90	139
91	139
92	139
93	139
94	139
95	139
96	139
97	139
98	139
99	139
100	139
101	139
102	139
103	139
104	139
105	139
106	139
107	139
108	139
109	139
110	139
111	139
112	139
113	139
114	139
115	139
116	139
117	139
118	139
119	139
120	139
121	139
122	139
123	139
124	139
125	139
126	139
127	139
128	139
129	139
130	139
131	139
132	139
133	139
134	139
135	139
136	139
137	139
138	139
139	139
140	139
141	139
142	139
143	139
144	139
145	139
146	139
147	139
148	139
149	139
150	139
151	139
152	139
153	139
154	139
155	139
156	139
157	139
158	139
159	139
160	139
161	139
162	139
163	139
164	139
165	139
166	139
167	139
168	139
169	139
170	139
171	139
172	139
173	139
174	139
175	139
176	139
177	139
178	139
179	139
180	139
181	139
182	139
183	139
184	139
185	139
186	139
187	139
188	139
189	139
190	139
191	139
192	139
193	139
194	139
195	139
196	139
197	139
198	139
199	139
200	139
201	139
202	139
203	139
204	139
205	139
206	139
207	139
208	139
73	140
74	140
75	140
76	140
77	140
78	140
79	140
80	140
81	140
82	140
83	140
84	140
85	140
86	140
87	140
88	140
89	140
90	140
91	140
92	140
93	140
94	140
95	140
96	140
97	140
98	140
99	140
100	140
101	140
102	140
103	140
104	140
105	140
106	140
107	140
108	140
109	140
110	140
111	140
112	140
113	140
114	140
115	140
116	140
117	140
118	140
119	140
120	140
121	140
122	140
123	140
124	140
125	140
126	140
127	140
128	140
129	140
130	140
131	140
132	140
133	140
134	140
135	140
136	140
137	140
138	140
139	140
140	140
141	140
142	140
143	140
144	140
145	140
146	140
147	140
148	140
149	140
150	140
151	140
152	140
153	140
154	140
155	140
156	140
157	140
158	140
159	140
160	140
161	140
162	140
163	140
164	140
165	140
166	140
167	140
168	140
169	140
170	140
171	140
172	140
173	140
174	140
175	140
176	140
177	140
178	140
179	140
180	140
181	140
182	140
183	140
184	140
185	140
186	140
187	140
188	140
189	140
190	140
191	140
192	140
193	140
194	140
195	140
196	140
197	140
198	140
199	140
200	140
201	140
202	140
203	140
204	140
205	140
206	140
207	140
208	140
74	141
75	141
76	141
77	141
78	141
79	141
80	141
81	141
82	141
83	141
84	141
85	141
86	141
87	141
88	141
89	141
90	141
91	141
92	141
93	141
94	141
95	141
96	141
97	141
98	141
99	141
100	141
101	141
102	141
103	141
104	141
105	141
106	141
107	141
108	141
109	141
110	141
111	141
112	141
113	141
114	141
115	141
116	141
117	141
118	141
119	141
120	141
121	141
122	141
123	141
124	141
125	141
126	141
127	141
128	141
129	141
130	141
131	141
132	141
133	141
134	141
135	141
136	141
137	141
138	141
139	141
140	141
141	141
142	141
143	141
144	141
145	141
146	141
147	141
148	141
149	141
150	141
151	141
152	141
153	141
154	141
155	141
156	141
157	141
158	141
159	141
160	141
161	141
162	141
163	141
164	141
165	141
166	141
167	141
168	141
169	141
170	141
171	141
172	141
173	141
174	141
175	141
176	141
177	141
178	141
179	141
180	141
181	141
182	141
183	141
184	141
185	141
186	141
187	141
188	141
189	141
190	141
191	141
192	141
193	141
194	141
195	141
196	141
197	141
198	141
199	141
200	141
201	141
202	141
203	141
204	141
205	141
206	141
207	141
208	141
75	142
76	142
77	142
78	142
79	142
80	142
81	142
82	142
83	142
84	142
85	142
86	142
87	142
88	142
89	142
90	142
91	142
92	142
93	142
94	142
95	142
96	142
97	142
98	142
99	142
100	142
101	142
102	142
103	142
104	142
105	142
106	142
107	142
108	142
109	142
110	142
111	142
112	142
113	142
114	142
115	142
116	142
117	142
118	142
119	142
120	142
121	142
122	142
123	142
124	142
125	142
126	142
127	142
128	142
129	142
130	142
131	142
132	142
133	142
134	142
135	142
136	142
137	142
138	142
139	142
140	142
141	142
142	142
143	142
144	142
145	142
146	142
147	142
148	142
149	142
150	142
151	142
152	142
153	142
154	142
155	142
156	142
157	142
158	142
159	142
160	142
161	142
162	142
163	142
164	142
165	142
166	142
167	142
168	142
169	142
170	142
171	142
172	142
173	142
174	142
175	142
176	142
177	142
178	142
179	142
180	142
181	142
182	142
183	142
184	142
185	142
186	142
187	142
188	142
189	142
190	142
191	142
192	142
193	142
194	142
195	142
196	142
197	142
198	142
199	142
200	142
201	142
202	142
203	142
204	142
205	142
206	142
207	142
208	142
76	143
77	143
78	143
79	143
80	143
81	143
82	143
83	143
84	143
85	143
86	143
87	143
88	143
89	143
90	143
91	143
92	143
93	143
94	143
95	143
96	143
97	143
98	143
99	143
100	143
101	143
102	143
103	143
104	143
105	143
106	143
107	143
108	143
109	143
110	143
111	143
112	143
113	143
114	143
115	143
116	143
117	143
118	143
119	143
120	143
121	143
122	143
123	143
124	143
125	143
126	143
127	143
128	143
129	143
130	143
131	143
132	143
133	143
134	143
135	143
136	143
137	143
138	143
139	143
140	143
141	143
142	143
143	143
144	143
145	143
146	143
147	143
148	143
149	143
150	143
151	143
152	143
153	143
154	143
155	143
156	143
157	143
158	143
159	143
160	143
161	143
162	143
163	143
164	143
165	143
166	143
167	143
168	143
169	143
170	143
171	143
172	143
173	143
174	143
175	143
176	143
177	143
178	143
179	143
180	143
181	143
182	143
183	143
184	143
185	143
186	143
187	143
188	143
189	143
190	143
191	143
192	143
193	143
194	143
195	143
196	143
197	143
198	143
199	143
200	143
201	143
202	143
203	143
204	143
205	143
206	143
207	143
208	143
77	144
78	144
79	144
80	144
81	144
82	144
83	144
84	144
85	144
86	144
87	144
88	144
89	144
90	144
91	144
92	144
93	144
94	144
95	144
96	144
97	144
98	144
99	144
100	144
101	144
102	144
103	144
104	144
105	144
106	144
107	144
108	144
109	144
110	144
111	144
112	144
113	144
114	144
115	144
116	144
117	144
118	144
119	144
120	144
121	144
122	144
123	144
124	144
125	144
126	144
127	144
128	144
129	144
130	144
131	144
132	144
133	144
134	144
135	144
136	144
137	144
138	144
139	144
140	144
141	144
142	144
143	144
144	144
145	144
146	144
147	144
148	144
149	144
150	144
151	144
152	144
153	144
154	144
155	144
156	144
157	144
158	144
159	144
160	144
161	144
162	144
163	144
164	144
165	144
166	144
167	144
168	144
169	144
170	144
171	144
172	144
173	144
174	144
175	144
176	144
177	144
178	144
179	144
180	144
181	144
182	144
183	144
184	144
185	144
186	144
187	144
188	144
189	144
190	144
191	144
192	144
193	144
194	144
195	144
196	144
197	144
198	144
199	144
200	144
201	144
202	144
203	144
204	144
205	144
206	144
207	144
208	144
77	145
78	145
79	145
80	145
81	145
82	145
83	145
84	145
85	145
86	145
87	145
88	145
89	145
90	145
91	145
92	145
93	145
94	145
95	145
96	145
97	145
98	145
99	145
100	145
101	145
102	145
103	145
104	145
105	145
106	145
107	145
108	145
109	145
110	145
111	145
112	145
113	145
114	145
115	145
116	145
117	145
118	145
119	145
120	145
121	145
122	145
123	145
124	145
125	145
126	145
127	145
128	145
129	145
130	145
131	145
132	145
133	145
134	145
135	145
136	145
137	145
138	145
139	145
140	145
141	145
142	145
143	145
144	145
145	145
146	145
147	145
148	145
149	145
150	145
151	145
152	145
153	145
154	145
155	145
156	145
157	145
158	145
159	145
160	145
161	145
162	145
163	145
164	145
165	145
166	145
167	145
168	145
169	145
170	145
171	145
172	145
173	145
174	145
175	145
176	145
177	145
178	145
179	145
180	145
181	145
182	145
183	145
184	145
185	145
186	145
187	145
188	145
189	145
190	145
191	145
192	145
193	145
194	145
195	145
196	145
197	145
198	145
199	145
200	145
201	145
202	145
203	145
204	145
205	145
206	145
207	145
78	146
79	146
80	146
81	146
82	146
83	146
84	146
85	146
86	146
87	146
88	146
89	146
90	146
91	146
92	146
93	146
94	146
95	146
96	146
97	146
98	146
99	146
100	146
101	146
102	146
103	146
104	146
105	146
106	146
107	146
108	146
109	146
110	146
111	146
112	146
113	146
114	146
115	146
116	146
117	146
118	146
119	146
120	146
121	146
122	146
123	146
124	146
125	146
126	146
127	146
128	146
129	146
130	146
131	146
132	146
133	146
134	146
135	146
136	146
137	146
138	146
139	146
140	146
141	146
142	146
143	146
144	146
145	146
146	146
147	146
148	146
149	146
150	146
151	146
152	146
153	146
154	146
155	146
156	146
157	146
158	146
159	146
160	146
161	146
162	146
163	146
164	146
165	146
166	146
167	146
168	146
169	146
170	146
171	146
172	146
173	146
174	146
175	146
176	146
177	146
178	146
179	146
180	146
181	146
182	146
183	146
184	146
185	146
186	146
187	146
188	146
189	146
190	146
191	146
192	146
193	146
194	146
195	146
196	146
197	146
198	146
199	146
200	146
201	146
202	146
203	146
204	146
205	146
206	146
207	146
79	147
80	147
81	147
82	147
83	147
84	147
85	147
86	147
87	147
88	147
89	147
90	147
91	147
92	147
93	147
94	147
95	147
96	147
97	147
98	147
99	147
100	147
101	147
102	147
103	147
104	147
105	147
106	147
107	147
108	147
109	147
110	147
111	147
112	147
113	147
114	147
115	147
116	147
117	147
118	147
119	147
120	147
121	147
122	147
123	147
124	147
125	147
126	147
127	147
128	147
129	147
130	147
131	147
132	147
133	147
134	147
135	147
136	147
137	147
138	147
139	147
140	147
141	147
142	147
143	147
144	147
145	147
146	147
147	147
148	147
149	147
150	147
151	147
152	147
153	147
154	147
155	147
156	147
157	147
158	147
159	147
160	147
161	147
162	147
163	147
164	147
165	147
166	147
167	147
168	147
169	147
170	147
171	147
172	147
173	147
174	147
175	147
176	147
177	147
178	147
179	147
180	147
181	147
182	147
183	147
184	147
185	147
186	147
187	147
188	147
189	147
190	147
191	147
192	147
193	147
194	147
195	147
196	147
197	147
198	147
199	147
200	147
201	147
202	147
203	147
204	147
205	147
206	147
207	147
79	148
80	148
81	148
82	148
83	148
84	148
85	148
86	148
87	148
88	148
89	148
90	148
91	148
92	148
93	148
94	148
95	148
96	148
97	148
98	148
99	148
100	148
101	148
102	148
103	148
104	148
105	148
106	148
107	148
108	148
109	148
110	148
111	148
112	148
113	148
114	148
115	148
116	148
117	148
118	148
119	148
120	148
121	148
122	148
123	148
124	148
125	148
126	148
127	148
128	148
129	148
130	148
131	148
132	148
133	148
134	148
135	148
136	148
137	148
138	148
139	148
140	148
141	148
142	148
143	148
144	148
145	148
146	148
147	148
148	148
149	148
150	148
151	148
152	148
153	148
154	148
155	148
156	148
157	148
158	148
159	148
160	148
161	148
162	148
163	148
164	148
165	148
166	148
167	148
168	148
169	148
170	148
171	148
172	148
173	148
174	148
175	148
176	148
177	148
178	148
179	148
180	148
181	148
182	148
183	148
184	148
185	148
186	148
187	148
188	148
189	148
190	148
191	148
192	148
193	148
194	148
195	148
196	148
197	148
198	148
199	148
200	148
201	148
202	148
203	148
204	148
205	148
206	148
207	148
80	149
81	149
82	149
83	149
84	149
85	149
86	149
87	149
88	149
89	149
90	149
91	149
92	149
93	149
94	149
95	149
96	149
97	149
98	149
99	149
100	149
101	149
102	149
103	149
104	149
105	149
106	149
107	149
108	149
109	149
110	149
111	149
112	149
113	149
114	149
115	149
116	149
117	149
118	149
119	149
120	149
121	149
122	149
123	149
124	149
125	149
126	149
127	149
128	149
129	149
130	149
131	149
132	149
133	149
134	149
135	149
136	149
137	149
138	149
139	149
140	149
141	149
142	149
143	149
144	149
145	149
146	149
147	149
148	149
149	149
150	149
151	149
152	149
153	149
154	149
155	149
156	149
157	149
158	149
159	149
160	149
161	149
162	149
163	149
164	149
165	149
166	149
167	149
168	149
169	149
170	149
171	149
172	149
173	149
174	149
175	149
176	149
177	149
178	149
179	149
180	149
181	149
182	149
183	149
184	149
185	149
186	149
187	149
188	149
189	149
190	149
191	149
192	149
193	149
194	149
195	149
196	149
197	149
198	149
199	149
200	149
201	149
202	149
203	149
204	149
205	149
206	149
207	149
80	150
81	150
82	150
83	150
84	150
85	150
86	150
87	150
88	150
89	150
90	150
91	150
92	150
93	150
94	150
95	150
96	150
97	150
98	150
99	150
100	150
101	150
102	150
103	150
104	150
105	150
106	150
107	150
108	150
109	150
110	150
111	150
112	150
113	150
114	150
115	150
116	150
117	150
118	150
119	150
120	150
121	150
122	150
123	150
124	150
125	150
126	150
127	150
128	150
129	150
130	150
131	150
132	150
133	150
134	150
135	150
136	150
137	150
138	150
139	150
140	150
141	150
142	150
143	150
144	150
145	150
146	150
147	150
148	150
149	150
150	150
151	150
152	150
153	150
154	150
155	150
156	150
157	150
158	150
159	150
160	150
161	150
162	150
163	150
164	150
165	150
166	150
167	150
168	150
169	150
170	150
171	150
172	150
173	150
174	150
175	150
176	150
177	150
178	150
179	150
180	150
181	150
182	150
183	150
184	150
185	150
186	150
187	150
188	150
189	150
190	150
191	150
192	150
193	150
194	150
195	150
196	150
197	150
198	150
199	150
200	150
201	150
202	150
203	150
204	150
205	150
206	150
207	150
80	151
81	151
82	151
83	151
84	151
85	151
86	151
87	151
88	151
89	151
90	151
91	151
92	151
93	151
94	151
95	151
96	151
97	151
98	151
99	151
100	151
101	151
102	151
103	151
104	151
105	151
106	151
107	151
108	151
109	151
110	151
111	151
112	151
113	151
114	151
115	151
116	151
117	151
118	151
119	151
120	151
121	151
122	151
123	151
124	151
125	151
126	151
127	151
128	151
129	151
130	151
131	151
132	151
133	151
134	151
135	151
136	151
137	151
138	151
139	151
140	151
141	151
142	151
143	151
144	151
145	151
146	151
147	151
148	151
149	151
150	151
151	151
152	151
153	151
154	151
155	151
156	151
157	151
158	151
159	151
160	151
161	151
162	151
163	151
164	151
165	151
166	151
167	151
168	151
169	151
170	151
171	151
172	151
173	151
174	151
175	151
176	151
177	151
178	151
179	151
180	151
181	151
182	151
183	151
184	151
185	151
186	151
187	151
188	151
189	151
190	151
191	151
192	151
193	151
194	151
195	151
196	151
197	151
198	151
199	151
200	151
201	151
202	151
203	151
204	151
205	151
206	151
207	151
80	152
81	152
82	152
83	152
84	152
85	152
86	152
87	152
88	152
89	152
90	152
91	152
92	152
93	152
94	152
95	152
96	152
97	152
98	152
99	152
100	152
101	152
102	152
103	152
104	152
105	152
106	152
107	152
108	152
109	152
110	152
111	152
112	152
113	152
114	152
115	152
116	152
117	152
118	152
119	152
120	152
121	152
122	152
123	152
124	152
125	152
126	152
127	152
128	152
129	152
130	152
131	152
132	152
133	152
134	152
135	152
136	152
137	152
138	152
139	152
140	152
141	152
142	152
143	152
144	152
145	152
146	152
147	152
148	152
149	152
150	152
151	152
152	152
153	152
154	152
155	152
156	152
157	152
158	152
159	152
160	152
161	152
162	152
163	152
164	152
165	152
166	152
167	152
168	152
169	152
170	152
171	152
172	152
173	152
174	152
175	152
176	152
177	152
178	152
179	152
180	152
181	152
182	152
183	152
184	152
185	152
186	152
187	152
188	152
189	152
190	152
191	152
192	152
193	152
194	152
195	152
196	152
197	152
198	152
199	152
200	152
201	152
202	152
203	152
204	152
205	152
206	152
207	152
80	153
81	153
82	153
83	153
84	153
85	153
86	153
87	153
88	153
89	153
90	153
91	153
92	153
93	153
94	153
95	153
96	153
97	153
98	153
99	153
100	153
101	153
102	153
103	153
104	153
105	153
106	153
107	153
108	153
109	153
110	153
111	153
112	153
113	153
114	153
115	153
116	153
117	153
118	153
119	153
120	153
121	153
122	153
123	153
124	153
125	153
126	153
127	153
128	153
129	153
130	153
131	153
132	153
133	153
134	153
135	153
136	153
137	153
138	153
139	153
140	153
141	153
142	153
143	153
144	153
145	153
146	153
147	153
148	153
149	153
150	153
151	153
152	153
153	153
154	153
155	153
156	153
157	153
158	153
159	153
160	153
161	153
162	153
163	153
164	153
165	153
166	153
167	153
168	153
169	153
170	153
171	153
172	153
173	153
174	153
175	153
176	153
177	153
178	153
179	153
180	153
181	153
182	153
183	153
184	153
185	153
186	153
187	153
188	153
189	153
190	153
191	153
192	153
193	153
194	153
195	153
196	153
197	153
198	153
199	153
200	153
201	153
202	153
203	153
204	153
205	153
206	153
207	153
80	154
81	154
82	154
83	154
84	154
85	154
86	154
87	154
88	154
89	154
90	154
91	154
92	154
93	154
94	154
95	154
96	154
97	154
98	154
99	154
100	154
101	154
102	154
103	154
104	154
105	154
106	154
107	154
108	154
109	154
110	154
111	154
112	154
113	154
114	154
115	154
116	154
117	154
118	154
119	154
120	154
121	154
122	154
123	154
124	154
125	154
126	154
127	154
128	154
129	154
130	154
131	154
132	154
133	154
134	154
135	154
136	154
137	154
138	154
139	154
140	154
141	154
142	154
143	154
144	154
145	154
146	154
147	154
148	154
149	154
150	154
151	154
152	154
153	154
154	154
155	154
156	154
157	154
158	154
159	154
160	154
161	154
162	154
163	154
164	154
165	154
166	154
167	154
168	154
169	154
170	154
171	154
172	154
173	154
174	154
175	154
176	154
177	154
178	154
179	154
180	154
181	154
182	154
183	154
184	154
185	154
186	154
187	154
188	154
189	154
190	154
191	154
192	154
193	154
194	154
195	154
196	154
197	154
198	154
199	154
200	154
201	154
202	154
203	154
204	154
205	154
206	154
207	154
80	155
81	155
82	155
83	155
84	155
85	155
86	155
87	155
88	155
89	155
90	155
91	155
92	155
93	155
94	155
95	155
96	155
97	155
98	155
99	155
100	155
101	155
102	155
103	155
104	155
105	155
106	155
107	155
108	155
109	155
110	155
111	155
112	155
113	155
114	155
115	155
116	155
117	155
118	155
119	155
120	155
121	155
122	155
123	155
124	155
125	155
126	155
127	155
128	155
129	155
130	155
131	155
132	155
133	155
134	155
135	155
136	155
137	155
138	155
139	155
140	155
141	155
142	155
143	155
144	155
145	155
146	155
147	155
148	155
149	155
150	155
151	155
152	155
153	155
154	155
155	155
156	155
157	155
158	155
159	155
160	155
161	155
162	155
163	155
164	155
165	155
166	155
167	155
168	155
169	155
170	155
171	155
172	155
173	155
174	155
175	155
176	155
177	155
178	155
179	155
180	155
181	155
182	155
183	155
184	155
185	155
186	155
187	155
188	155
189	155
190	155
191	155
192	155
193	155
194	155
195	155
196	155
197	155
198	155
199	155
200	155
201	155
202	155
203	155
204	155
205	155
206	155
207	155
80	156
81	156
82	156
83	156
84	156
85	156
86	156
87	156
88	156
89	156
90	156
91	156
92	156
93	156
94	156
95	156
96	156
97	156
98	156
99	156
100	156
101	156
102	156
103	156
104	156
105	156
106	156
107	156
108	156
109	156
110	156
111	156
112	156
113	156
114	156
115	156
116	156
117	156
118	156
119	156
120	156
121	156
122	156
123	156
124	156
125	156
126	156
127	156
128	156
129	156
130	156
131	156
132	156
133	156
134	156
135	156
136	156
137	156
138	156
139	156
140	156
141	156
142	156
143	156
144	156
145	156
146	156
147	156
148	156
149	156
150	156
151	156
152	156
153	156
154	156
155	156
156	156
157	156
158	156
159	156
160	156
161	156
162	156
163	156
164	156
165	156
166	156
167	156
168	156
169	156
170	156
171	156
172	156
173	156
174	156
175	156
176	156
177	156
178	156
179	156
180	156
181	156
182	156
183	156
184	156
185	156
186	156
187	156
188	156
189	156
190	156
191	156
192	156
193	156
194	156
195	156
196	156
197	156
198	156
199	156
200	156
201	156
202	156
203	156
204	156
205	156
206	156
80	157
81	157
82	157
83	157
84	157
85	157
86	157
87	157
88	157
89	157
90	157
91	157
92	157
93	157
94	157
95	157
96	157
97	157
98	157
99	157
100	157
101	157
102	157
103	157
104	157
105	157
106	157
107	157
108	157
109	157
110	157
111	157
112	157
113	157
114	157
115	157
116	157
117	157
118	157
119	157
120	157
121	157
122	157
123	157
124	157
125	157
126	157
127	157
128	157
129	157
130	157
131	157
132	157
133	157
134	157
135	157
136	157
137	157
138	157
139	157
140	157
141	157
142	157
143	157
144	157
145	157
146	157
147	157
148	157
149	157
150	157
151	157
152	157
153	157
154	157
155	157
156	157
157	157
158	157
159	157
160	157
161	157
162	157
163	157
164	157
165	157
166	157
167	157
168	157
169	157
170	157
171	157
172	157
173	157
174	157
175	157
176	157
177	157
178	157
179	157
180	157
181	157
182	157
183	157
184	157
185	157
186	157
187	157
188	157
189	157
190	157
191	157
192	157
193	157
194	157
195	157
196	157
197	157
198	157
199	157
200	157
201	157
202	157
203	157
204	157
205	157
206	157
80	158
81	158
82	158
83	158
84	158
85	158
86	158
87	158
88	158
89	158
90	158
91	158
92	158
93	158
94	158
95	158
96	158
97	158
98	158
99	158
100	158
101	158
102	158
103	158
104	158
105	158
106	158
107	158
108	158
109	158
110	158
111	158
112	158
113	158
114	158
115	158
116	158
117	158
118	158
119	158
120	158
121	158
122	158
123	158
124	158
125	158
126	158
127	158
128	158
129	158
130	158
131	158
132	158
133	158
134	158
135	158
136	158
137	158
138	158
139	158
140	158
141	158
142	158
143	158
144	158
145	158
146	158
147	158
148	158
149	158
150	158
151	158
152	158
153	158
154	158
155	158
156	158
157	158
158	158
159	158
160	158
161	158
162	158
163	158
164	158
165	158
166	158
167	158
168	158
169	158
170	158
171	158
172	158
173	158
174	158
175	158
176	158
177	158
178	158
179	158
180	158
181	158
182	158
183	158
184	158
185	158
186	158
187	158
188	158
189	158
190	158
191	158
192	158
193	158
194	158
195	158
196	158
197	158
198	158
199	158
200	158
201	158
202	158
203	158
204	158
205	158
206	158
80	159
81	159
82	159
83	159
84	159
85	159
86	159
87	159
88	159
89	159
90	159
91	159
92	159
93	159
94	159
95	159
96	159
97	159
98	159
99	159
100	159
101	159
102	159
103	159
104	159
105	159
106	159
107	159
108	159
109	159
110	159
111	159
112	159
113	159
114	159
115	159
116	159
117	159
118	159
119	159
120	159
121	159
122	159
123	159
124	159
125	159
126	159
127	159
128	159
129	159
130	159
131	159
132	159
133	159
134	159
135	159
136	159
137	159
138	159
139	159
140	159
141	159
142	159
143	159
144	159
145	159
146	159
147	159
148	159
149	159
150	159
151	159
152	159
153	159
154	159
155	159
156	159
157	159
158	159
159	159
160	159
161	159
162	159
163	159
164	159
165	159
166	159
167	159
168	159
169	159
170	159
171	159
172	159
173	159
174	159
175	159
176	159
177	159
178	159
179	159
180	159
181	159
182	159
183	159
184	159
185	159
186	159
187	159
188	159
189	159
190	159
191	159
192	159
193	159
194	159
195	159
196	159
197	159
198	159
199	159
200	159
201	159
202	159
203	159
204	159
205	159
206	159
80	160
81	160
82	160
83	160
84	160
85	160
86	160
87	160
88	160
89	160
90	160
91	160
92	160
93	160
94	160
95	160
96	160
97	160
98	160
99	160
100	160
101	160
102	160
103	160
104	160
105	160
106	160
107	160
108	160
109	160
110	160
111	160
112	160
113	160
114	160
115	160
116	160
117	160
118	160
119	160
120	160
121	160
122	160
123	160
124	160
125	160
126	160
127	160
128	160
129	160
130	160
131	160
132	160
133	160
134	160
135	160
136	160
137	160
138	160
139	160
140	160
141	160
142	160
143	160
144	160
145	160
146	160
147	160
148	160
149	160
150	160
151	160
152	160
153	160
154	160
155	160
156	160
157	160
158	160
159	160
160	160
161	160
162	160
163	160
164	160
165	160
166	160
167	160
168	160
169	160
170	160
171	160
172	160
173	160
174	160
175	160
176	160
177	160
178	160
179	160
180	160
181	160
182	160
183	160
184	160
185	160
186	160
187	160
188	160
189	160
190	160
191	160
192	160
193	160
194	160
195	160
196	160
197	160
198	160
199	160
200	160
201	160
202	160
203	160
204	160
205	160
206	160
80	161
81	161
82	161
83	161
84	161
85	161
86	161
87	161
88	161
89	161
90	161
91	161
92	161
93	161
94	161
95	161
96	161
97	161
98	161
99	161
100	161
101	161
102	161
103	161
104	161
105	161
106	161
107	161
108	161
109	161
110	161
111	161
112	161
113	161
114	161
115	161
116	161
117	161
118	161
119	161
120	161
121	161
122	161
123	161
124	161
125	161
126	161
127	161
128	161
129	161
130	161
131	161
132	161
133	161
134	161
135	161
136	161
137	161
138	161
139	161
140	161
141	161
142	161
143	161
144	161
145	161
146	161
147	161
148	161
149	161
150	161
151	161
152	161
153	161
154	161
155	161
156	161
157	161
158	161
159	161
160	161
161	161
162	161
163	161
164	161
165	161
166	161
167	161
168	161
169	161
170	161
171	161
172	161
175	161
176	161
177	161
178	161
179	161
180	161
181	161
182	161
183	161
184	161
185	161
186	161
187	161
188	161
189	161
190	161
191	161
192	161
193	161
194	161
195	161
196	161
197	161
198	161
199	161
200	161
201	161
202	161
203	161
204	161
205	161
206	161
80	162
81	162
82	162
83	162
84	162
85	162
86	162
87	162
88	162
89	162
90	162
91	162
92	162
93	162
94	162
95	162
96	162
97	162
98	162
99	162
100	162
101	162
102	162
103	162
104	162
105	162
106	162
107	162
108	162
109	162
110	162
111	162
112	162
113	162
114	162
115	162
116	162
117	162
118	162
119	162
120	162
121	162
122	162
123	162
124	162
125	162
126	162
127	162
128	162
129	162
130	162
131	162
132	162
133	162
134	162
135	162
136	162
137	162
138	162
139	162
140	162
141	162
142	162
143	162
144	162
145	162
146	162
147	162
148	162
149	162
150	162
151	162
152	162
153	162
154	162
155	162
156	162
157	162
158	162
159	162
160	162
161	162
162	162
163	162
164	162
165	162
166	162
167	162
168	162
169	162
170	162
171	162
172	162
174	162
175	162
176	162
177	162
178	162
179	162
180	162
181	162
182	162
183	162
184	162
185	162
186	162
187	162
188	162
189	162
190	162
191	162
192	162
193	162
194	162
195	162
196	162
197	162
198	162
199	162
200	162
201	162
202	162
203	162
204	162
205	162
206	162
80	163
81	163
82	163
83	163
84	163
85	163
86	163
87	163
88	163
89	163
90	163
91	163
92	163
93	163
94	163
95	163
96	163
97	163
98	163
99	163
100	163
101	163
102	163
103	163
104	163
105	163
106	163
107	163
108	163
109	163
110	163
111	163
112	163
113	163
114	163
115	163
116	163
117	163
118	163
119	163
120	163
121	163
122	163
123	163
124	163
125	163
126	163
127	163
128	163
129	163
130	163
131	163
132	163
133	163
134	163
135	163
136	163
137	163
138	163
139	163
140	163
141	163
142	163
143	163
144	163
145	163
146	163
147	163
148	163
149	163
150	163
151	163
152	163
153	163
154	163
155	163
156	163
157	163
158	163
159	163
160	163
161	163
162	163
163	163
164	163
165	163
166	163
167	163
168	163
169	163
170	163
171	163
174	163
189	163
190	163
191	163
192	163
193	163
194	163
195	163
196	163
197	163
198	163
199	163
200	163
201	163
202	163
203	163
204	163
205	163
80	164
81	164
82	164
83	164
84	164
85	164
86	164
87	164
88	164
89	164
90	164
91	164
92	164
93	164
94	164
95	164
96	164
97	164
98	164
99	164
100	164
101	164
102	164
103	164
104	164
105	164
106	164
107	164
108	164
109	164
110	164
111	164
112	164
113	164
114	164
115	164
116	164
117	164
118	164
119	164
120	164
121	164
122	164
123	164
124	164
125	164
126	164
127	164
128	164
129	164
130	164
131	164
132	164
133	164
134	164
135	164
136	164
137	164
138	164
139	164
140	164
141	164
142	164
143	164
144	164
145	164
146	164
147	164
148	164
149	164
150	164
151	164
152	164
153	164
154	164
155	164
156	164
157	164
158	164
159	164
160	164
161	164
162	164
163	164
164	164
165	164
166	164
167	164
168	164
169	164
170	164
171	164
173	164
190	164
191	164
192	164
193	164
194	164
195	164
196	164
197	164
198	164
199	164
200	164
201	164
202	164
203	164
204	164
205	164
80	165
81	165
82	165
83	165
84	165
85	165
86	165
87	165
88	165
89	165
90	165
91	165
92	165
93	165
94	165
95	165
96	165
97	165
98	165
99	165
100	165
101	165
102	165
103	165
104	165
105	165
106	165
107	165
108	165
109	165
110	165
111	165
112	165
113	165
114	165
115	165
116	165
117	165
118	165
119	165
120	165
121	165
122	165
123	165
124	165
125	165
126	165
127	165
128	165
129	165
130	165
131	165
132	165
133	165
134	165
135	165
136	165
137	165
138	165
139	165
140	165
141	165
142	165
143	165
144	165
145	165
146	165
147	165
148	165
149	165
150	165
151	165
152	165
153	165
154	165
155	165
156	165
157	165
158	165
159	165
160	165
161	165
162	165
163	165
164	165
165	165
166	165
167	165
168	165
169	165
170	165
173	165
191	165
192	165
193	165
194	165
195	165
196	165
197	165
198	165
199	165
200	165
201	165
202	165
203	165
204	165
80	166
81	166
82	166
83	166
84	166
85	166
86	166
87	166
88	166
89	166
90	166
91	166
92	166
93	166
94	166
95	166
96	166
97	166
98	166
99	166
100	166
101	166
102	166
103	166
104	166
105	166
106	166
107	166
108	166
109	166
110	166
111	166
112	166
113	166
114	166
115	166
116	166
117	166
118	166
119	166
120	166
121	166
122	166
123	166
124	166
125	166
126	166
127	166
128	166
129	166
130	166
131	166
132	166
133	166
134	166
135	166
136	166
137	166
138	166
139	166
140	166
141	166
142	166
143	166
144	166
145	166
146	166
147	166
148	166
149	166
150	166
151	166
152	166
153	166
154	166
155	166
156	166
157	166
158	166
159	166
160	166
161	166
162	166
163	166
164	166
165	166
166	166
167	166
168	166
169	166
170	166
172	166
191	166
192	166
193	166
194	166
195	166
196	166
197	166
198	166
199	166
200	166
201	166
202	166
203	166
204	166
80	167
81	167
82	167
83	167
84	167
85	167
86	167
87	167
88	167
89	167
90	167
91	167
92	167
93	167
94	167
95	167
96	167
97	167
98	167
99	167
100	167
101	167
102	167
103	167
104	167
105	167
106	167
107	167
108	167
109	167
110	167
111	167
112	167
113	167
114	167
115	167
116	167
117	167
118	167
119	167
120	167
121	167
122	167
123	167
124	167
125	167
126	167
127	167
128	167
129	167
130	167
131	167
132	167
133	167
134	167
135	167
136	167
137	167
138	167
139	167
140	167
141	167
142	167
143	167
144	167
145	167
146	167
147	167
148	167
149	167
150	167
151	167
152	167
153	167
154	167
155	167
156	167
157	167
158	167
159	167
160	167
161	167
162	167
163	167
164	167
165	167
166	167
167	167
168	167
170	167
171	167
191	167
192	167
193	167
194	167
195	167
196	167
197	167
198	167
199	167
200	167
201	167
202	167
203	167
204	167
80	168
81	168
82	168
83	168
84	168
85	168
86	168
87	168
88	168
89	168
90	168
91	168
92	168
93	168
94	168
95	168
96	168
97	168
98	168
99	168
100	168
101	168
102	168
103	168
104	168
105	168
106	168
107	168
108	168
109	168
110	168
111	168
112	168
113	168
114	168
115	168
116	168
117	168
118	168
119	168
120	168
121	168
122	168
123	168
124	168
125	168
126	168
127	168
128	168
129	168
130	168
131	168
132	168
133	168
134	168
135	168
136	168
137	168
138	168
139	168
140	168
141	168
142	168
143	168
144	168
145	168
146	168
147	168
148	168
149	168
150	168
151	168
152	168
153	168
154	168
155	168
156	168
157	168
158	168
159	168
160	168
161	168
162	168
163	168
164	168
165	168
167	168
170	168
191	168
192	168
193	168
194	168
195	168
196	168
197	168
198	168
199	168
200	168
201	168
202	168
203	168
204	168
80	169
81	169
82	169
83	169
84	169
85	169
86	169
87	169
88	169
89	169
90	169
91	169
92	169
93	169
94	169
95	169
96	169
97	169
98	169
99	169
100	169
101	169
102	169
103	169
104	169
105	169
106	169
107	169
108	169
109	169
110	169
111	169
112	169
113	169
114	169
115	169
116	169
117	169
118	169
119	169
120	169
121	169
122	169
123	169
124	169
125	169
126	169
127	169
128	169
129	169
130	169
131	169
132	169
133	169
134	169
135	169
136	169
137	169
138	169
139	169
140	169
141	169
142	169
143	169
144	169
145	169
146	169
147	169
148	169
149	169
150	169
151	169
152	169
153	169
154	169
155	169
156	169
157	169
158	169
159	169
160	169
161	169
162	169
163	169
164	169
165	169
168	169
169	169
170	169
192	169
193	169
194	169
195	169
196	169
197	169
198	169
199	169
200	169
201	169
202	169
203	169
204	169
81	170
82	170
83	170
84	170
85	170
86	170
87	170
88	170
89	170
90	170
91	170
92	170
93	170
94	170
95	170
96	170
97	170
98	170
99	170
100	170
101	170
102	170
103	170
104	170
105	170
106	170
107	170
108	170
109	170
110	170
111	170
112	170
113	170
114	170
115	170
116	170
117	170
118	170
119	170
120	170
121	170
122	170
123	170
124	170
125	170
126	170
127	170
128	170
129	170
130	170
131	170
132	170
133	170
134	170
135	170
136	170
137	170
138	170
139	170
140	170
141	170
142	170
143	170
144	170
145	170
146	170
147	170
148	170
149	170
150	170
151	170
152	170
153	170
154	170
155	170
156	170
157	170
158	170
159	170
160	170
161	170
162	170
163	170
164	170
165	170
166	170
167	170
168	170
169	170
192	170
193	170
194	170
195	170
196	170
197	170
198	170
199	170
200	170
201	170
202	170
203	170
204	170
81	171
82	171
83	171
84	171
85	171
86	171
87	171
88	171
89	171
90	171
91	171
92	171
93	171
94	171
95	171
96	171
97	171
98	171
99	171
100	171
101	171
102	171
103	171
104	171
105	171
106	171
107	171
108	171
109	171
110	171
111	171
112	171
113	171
114	171
115	171
116	171
117	171
118	171
119	171
120	171
121	171
122	171
123	171
124	171
125	171
126	171
127	171
128	171
129	171
130	171
131	171
132	171
133	171
134	171
135	171
136	171
137	171
138	171
139	171
140	171
141	171
142	171
143	171
144	171
145	171
146	171
147	171
148	171
149	171
150	171
151	171
152	171
153	171
154	171
155	171
156	171
157	171
158	171
159	171
160	171
161	171
162	171
163	171
164	171
165	171
166	171
167	171
168	171
192	171
193	171
194	171
195	171
196	171
197	171
198	171
199	171
200	171
201	171
202	171
203	171
204	171
81	172
82	172
83	172
84	172
85	172
86	172
87	172
88	172
89	172
90	172
91	172
92	172
93	172
94	172
95	172
96	172
97	172
98	172
99	172
100	172
101	172
102	172
103	172
104	172
105	172
106	172
107	172
108	172
109	172
110	172
111	172
112	172
113	172
114	172
115	172
116	172
117	172
118	172
119	172
120	172
121	172
122	172
123	172
124	172
125	172
126	172
127	172
128	172
129	172
130	172
131	172
132	172
133	172
134	172
135	172
136	172
137	172
138	172
139	172
140	172
141	172
142	172
143	172
144	172
145	172
146	172
147	172
148	172
149	172
150	172
151	172
152	172
153	172
154	172
155	172
156	172
157	172
158	172
159	172
160	172
161	172
162	172
163	172
164	172
165	172
166	172
167	172
192	172
193	172
194	172
195	172
196	172
197	172
198	172
199	172
200	172
201	172
202	172
203	172
82	173
83	173
84	173
85	173
86	173
87	173
88	173
89	173
90	173
91	173
92	173
93	173
94	173
95	173
96	173
97	173
98	173
99	173
100	173
101	173
102	173
103	173
104	173
105	173
106	173
107	173
108	173
109	173
110	173
111	173
112	173
113	173
114	173
115	173
116	173
117	173
118	173
119	173
120	173
121	173
122	173
123	173
124	173
125	173
126	173
127	173
128	173
129	173
130	173
131	173
132	173
133	173
134	173
135	173
136	173
137	173
138	173
139	173
140	173
141	173
142	173
143	173
144	173
145	173
146	173
147	173
148	173
149	173
150	173
151	173
152	173
153	173
154	173
155	173
156	173
157	173
158	173
159	173
160	173
161	173
162	173
163	173
164	173
165	173
166	173
193	173
194	173
195	173
196	173
197	173
198	173
199	173
200	173
201	173
202	173
203	173
83	174
84	174
85	174
86	174
87	174
88	174
89	174
90	174
91	174
92	174
93	174
94	174
95	174
96	174
97	174
98	174
99	174
100	174
101	174
102	174
103	174
104	174
105	174
106	174
107	174
108	174
109	174
110	174
111	174
112	174
113	174
114	174
115	174
116	174
117	174
118	174
119	174
120	174
121	174
122	174
123	174
124	174
125	174
126	174
127	174
128	174
129	174
130	174
131	174
132	174
133	174
134	174
135	174
136	174
137	174
138	174
139	174
140	174
141	174
142	174
143	174
144	174
145	174
146	174
147	174
148	174
149	174
150	174
151	174
152	174
153	174
154	174
155	174
156	174
157	174
158	174
159	174
160	174
161	174
162	174
163	174
164	174
193	174
194	174
195	174
196	174
197	174
198	174
199	174
200	174
201	174
202	174
203	174
83	175
84	175
85	175
86	175
87	175
88	175
89	175
90	175
91	175
92	175
93	175
94	175
95	175
96	175
97	175
98	175
99	175
100	175
101	175
102	175
103	175
104	175
105	175
106	175
107	175
108	175
109	175
110	175
111	175
112	175
113	175
114	175
115	175
116	175
117	175
118	175
119	175
120	175
121	175
122	175
123	175
124	175
125	175
126	175
127	175
128	175
129	175
130	175
131	175
132	175
133	175
134	175
135	175
136	175
137	175
138	175
139	175
140	175
141	175
142	175
143	175
144	175
145	175
146	175
147	175
148	175
149	175
150	175
151	175
152	175
153	175
154	175
155	175
156	175
157	175
158	175
159	175
160	175
161	175
162	175
163	175
194	175
195	175
196	175
197	175
198	175
199	175
200	175
201	175
202	175
203	175
84	176
85	176
86	176
87	176
88	176
89	176
90	176
91	176
92	176
93	176
94	176
95	176
96	176
97	176
98	176
99	176
100	176
101	176
102	176
103	176
104	176
105	176
106	176
107	176
108	176
109	176
110	176
111	176
112	176
113	176
114	176
115	176
116	176
117	176
118	176
119	176
120	176
121	176
122	176
123	176
124	176
125	176
126	176
127	176
128	176
129	176
130	176
131	176
132	176
133	176
134	176
135	176
136	176
137	176
138	176
139	176
140	176
141	176
142	176
143	176
144	176
145	176
146	176
147	176
148	176
149	176
150	176
151	176
152	176
153	176
155	176
156	176
157	176
158	176
159	176
160	176
161	176
162	176
196	176
197	176
198	176
199	176
200	176
201	176
202	176
203	176
85	177
86	177
87	177
88	177
89	177
90	177
91	177
92	177
93	177
94	177
95	177
96	177
97	177
98	177
99	177
100	177
101	177
102	177
103	177
104	177
105	177
106	177
107	177
108	177
109	177
110	177
111	177
112	177
113	177
114	177
115	177
116	177
117	177
118	177
119	177
120	177
121	177
122	177
123	177
124	177
125	177
126	177
127	177
128	177
129	177
130	177
131	177
132	177
133	177
134	177
135	177
136	177
137	177
138	177
139	177
140	177
141	177
142	177
143	177
144	177
145	177
146	177
147	177
148	177
149	177
150	177
151	177
152	177
153	177
156	177
157	177
158	177
159	177
160	177
198	177
199	177
200	177
201	177
202	177
203	177
87	178
88	178
89	178
90	178
91	178
92	178
93	178
94	178
95	178
96	178
97	178
98	178
99	178
100	178
101	178
102	178
103	178
104	178
105	178
106	178
107	178
108	178
109	178
110	178
111	178
112	178
113	178
114	178
115	178
116	178
117	178
118	178
119	178
120	178
121	178
122	178
123	178
124	178
125	178
126	178
127	178
133	178
134	178
135	178
136	178
137	178
138	178
139	178
140	178
141	178
142	178
143	178
144	178
145	178
146	178
147	178
148	178
149	178
150	178
151	178
152	178
153	178
154	178
155	178
156	178
157	178
202	178
88	179
89	179
90	179
91	179
92	179
93	179
94	179
95	179
96	179
97	179
98	179
99	179
100	179
101	179
102	179
103	179
104	179
105	179
106	179
107	179
108	179
109	179
110	179
111	179
112	179
113	179
114	179
115	179
116	179
117	179
118	179
119	179
120	179
121	179
122	179
123	179
124	179
125	179
126	179
127	179
136	179
137	179
138	179
139	179
140	179
141	179
142	179
143	179
144	179
145	179
146	179
147	179
148	179
149	179
150	179
151	179
152	179
153	179
154	179
155	179
89	180
90	180
91	180
92	180
93	180
94	180
95	180
96	180
97	180
98	180
99	180
100	180
101	180
102	180
103	180
104	180
105	180
106	180
107	180
108	180
109	180
110	180
111	180
112	180
113	180
114	180
115	180
116	180
117	180
118	180
119	180
120	180
121	180
122	180
123	180
124	180
125	180
126	180
127	180
142	180
143	180
144	180
145	180
146	180
147	180
148	180
149	180
150	180
151	180
152	180
90	181
91	181
92	181
93	181
94	181
95	181
96	181
97	181
98	181
99	181
100	181
101	181
102	181
103	181
104	181
105	181
106	181
107	181
108	181
109	181
110	181
111	181
112	181
113	181
114	181
115	181
116	181
117	181
118	181
119	181
120	181
121	181
122	181
123	181
124	181
125	181
126	181
127	181
91	182
92	182
93	182
94	182
95	182
96	182
97	182
98	182
99	182
100	182
101	182
102	182
103	182
104	182
105	182
106	182
107	182
108	182
109	182
110	182
111	182
112	182
113	182
114	182
115	182
116	182
117	182
118	182
119	182
120	182
121	182
122	182
123	182
124	182
125	182
126	182
127	182
92	183
93	183
94	183
95	183
96	183
97	183
98	183
99	183
100	183
101	183
102	183
103	183
104	183
105	183
106	183
107	183
108	183
109	183
110	183
111	183
112	183
113	183
114	183
115	183
116	183
117	183
118	183
119	183
120	183
121	183
122	183
123	183
124	183
125	183
126	183
127	183
93	184
94	184
95	184
96	184
97	184
98	184
99	184
100	184
101	184
102	184
103	184
104	184
105	184
106	184
107	184
108	184
109	184
110	184
111	184
112	184
113	184
114	184
115	184
116	184
117	184
118	184
119	184
120	184
121	184
122	184
123	184
124	184
125	184
126	184
95	185
96	185
97	185
98	185
99	185
100	185
101	185
102	185
103	185
104	185
105	185
106	185
107	185
108	185
109	185
110	185
111	185
112	185
113	185
114	185
115	185
116	185
117	185
118	185
119	185
120	185
121	185
122	185
123	185
124	185
126	185
96	186
97	186
98	186
99	186
100	186
101	186
102	186
103	186
104	186
105	186
106	186
107	186
108	186
109	186
110	186
111	186
112	186
113	186
114	186
115	186
116	186
117	186
118	186
119	186
120	186
121	186
122	186
123	186
124	186
125	186
98	187
99	187
100	187
101	187
102	187
103	187
104	187
105	187
106	187
107	187
108	187
109	187
110	187
111	187
112	187
113	187
114	187
115	187
116	187
117	187
118	187
119	187
120	187
121	187
122	187
123	187
124	187
125	187
100	188
101	188
102	188
103	188
104	188
105	188
106	188
107	188
108	188
109	188
110	188
111	188
112	188
113	188
114	188
115	188
116	188
117	188
118	188
119	188
120	188
121	188
122	188
123	188
124	188
101	189
102	189
103	189
104	189
105	189
106	189
107	189
108	189
109	189
110	189
111	189
112	189
113	189
114	189
115	189
116	189
117	189
118	189
119	189
120	189
121	189
122	189
123	189
103	190
104	190
105	190
106	190
107	190
108	190
109	190
110	190
111	190
112	190
113	190
114	190
115	190
116	190
117	190
118	190
119	190
120	190
121	190
122	190
105	191
106	191
107	191
108	191
109	191
110	191
111	191
112	191
113	191
114	191
115	191
116	191
117	191
118	191
119	191
120	191
121	191
108	192
109	192
110	192
111	192
112	192
113	192
114	192
115	192
116	192
117	192
118	192
119	192
112	193
113	193
114	193
115	193
116	193
117	193