114	43
115	43
116	43
117	43
118	43
119	43
120	43
121	43
122	43
123	43
124	43
125	43
126	43
127	43
113	44
114	44
115	44
116	44
117	44
118	44
119	44
120	44
121	44
122	44
123	44
124	44
125	44
126	44
127	44
128	44
129	44
130	44
131	44
132	44
133	44
105	45
106	45
107	45
108	45
109	45
110	45
111	45
112	45
113	45
114	45
115	45
116	45
117	45
118	45
119	45
120	45
121	45
122	45
123	45
124	45
125	45
126	45
127	45
128	45
129	45
130	45
131	45
132	45
133	45
134	45
103	46
104	46
105	46
106	46
107	46
108	46
109	46
110	46
111	46
112	46
113	46
114	46
115	46
116	46
117	46
118	46
119	46
120	46
121	46
122	46
123	46
124	46
125	46
126	46
127	46
128	46
129	46
130	46
131	46
132	46
133	46
134	46
135	46
103	47
104	47
105	47
106	47
107	47
108	47
109	47
110	47
111	47
112	47
113	47
114	47
115	47
116	47
117	47
118	47
119	47
120	47
121	47
122	47
123	47
124	47
125	47
126	47
127	47
128	47
129	47
130	47
131	47
132	47
133	47
134	47
135	47
102	48
103	48
104	48
105	48
106	48
107	48
108	48
109	48
110	48
111	48
112	48
113	48
114	48
115	48
116	48
117	48
118	48
119	48
120	48
121	48
122	48
123	48
124	48
125	48
126	48
127	48
128	48
129	48
130	48
131	48
132	48
133	48
134	48
135	48
136	48
102	49
103	49
104	49
105	49
106	49
107	49
108	49
109	49
110	49
111	49
112	49
113	49
114	49
115	49
116	49
117	49
118	49
119	49
120	49
121	49
122	49
123	49
124	49
125	49
126	49
127	49
128	49
129	49
130	49
131	49
132	49
133	49
134	49
135	49
136	49
102	50
103	50
104	50
105	50
106	50
107	50
108	50
109	50
110	50
111	50
112	50
113	50
114	50
115	50
116	50
117	50
118	50
119	50
120	50
121	50
122	50
123	50
124	50
125	50
126	50
127	50
128	50
129	50
130	50
131	50
132	50
133	50
134	50
135	50
73	51
74	51
102	51
103	51
104	51
105	51
106	51
107	51
108	51
109	51
110	51
111	51
112	51
113	51
114	51
115	51
116	51
117	51
118	51
119	51
120	51
121	51
122	51
123	51
124	51
125	51
126	51
127	51
128	51
129	51
130	51
131	51
132	51
133	51
134	51
135	51
66	52
67	52
68	52
69	52
70	52
71	52
72	52
73	52
74	52
75	52
76	52
101	52
102	52
103	52
104	52
105	52
106	52
107	52
108	52
109	52
110	52
111	52
112	52
113	52
114	52
115	52
116	52
117	52
118	52
119	52
120	52
121	52
122	52
123	52
124	52
125	52
126	52
127	52
128	52
129	52
130	52
131	52
132	52
133	52
134	52
135	52
136	52
137	52
64	53
65	53
66	53
67	53
68	53
69	53
70	53
71	53
72	53
73	53
74	53
75	53
76	53
77	53
78	53
101	53
102	53
103	53
104	53
105	53
106	53
107	53
108	53
109	53
110	53
111	53
112	53
113	53
114	53
115	53
116	53
117	53
118	53
119	53
120	53
121	53
122	53
123	53
124	53
125	53
126	53
127	53
128	53
129	53
130	53
131	53
132	53
133	53
134	53
135	53
136	53
137	53
138	53
63	54
64	54
65	54
66	54
67	54
68	54
69	54
70	54
71	54
72	54
73	54
74	54
75	54
76	54
77	54
78	54
98	54
99	54
100	54
101	54
102	54
103	54
104	54
105	54
106	54
107	54
108	54
109	54
110	54
111	54
112	54
113	54
114	54
115	54
116	54
117	54
118	54
119	54
120	54
121	54
122	54
123	54
124	54
125	54
126	54
127	54
128	54
129	54
130	54
131	54
132	54
133	54
134	54
135	54
136	54
137	54
138	54
139	54
62	55
63	55
64	55
65	55
66	55
67	55
68	55
69	55
70	55
71	55
72	55
73	55
74	55
75	55
76	55
77	55
78	55
79	55
96	55
97	55
98	55
99	55
100	55
101	55
102	55
103	55
104	55
105	55
106	55
107	55
108	55
109	55
110	55
111	55
112	55
113	55
114	55
115	55
116	55
117	55
118	55
119	55
120	55
121	55
122	55
123	55
124	55
125	55
126	55
127	55
128	55
129	55
130	55
131	55
132	55
133	55
134	55
135	55
136	55
137	55
138	55
139	55
140	55
141	55
142	55
143	55
61	56
62	56
63	56
64	56
65	56
66	56
67	56
68	56
69	56
70	56
71	56
72	56
73	56
74	56
75	56
76	56
77	56
78	56
79	56
91	56
92	56
93	56
94	56
95	56
96	56
97	56
98	56
99	56
100	56
101	56
102	56
103	56
104	56
105	56
106	56
107	56
108	56
109	56
110	56
111	56
112	56
113	56
114	56
115	56
116	56
117	56
118	56
119	56
120	56
121	56
122	56
123	56
124	56
125	56
126	56
127	56
128	56
129	56
130	56
131	56
132	56
133	56
134	56
135	56
136	56
137	56
138	56
139	56
140	56
141	56
142	56
143	56
144	56
60	57
61	57
62	57
63	57
64	57
65	57
66	57
67	57
68	57
69	57
70	57
71	57
72	57
73	57
74	57
75	57
76	57
77	57
78	57
79	57
80	57
88	57
89	57
90	57
91	57
92	57
93	57
94	57
95	57
96	57
97	57
98	57
99	57
100	57
101	57
102	57
103	57
104	57
105	57
106	57
107	57
108	57
109	57
110	57
111	57
112	57
113	57
114	57
115	57
116	57
117	57
118	57
119	57
120	57
121	57
122	57
123	57
124	57
125	57
126	57
127	57
128	57
129	57
130	57
131	57
132	57
133	57
134	57
135	57
136	57
137	57
138	57
139	57
140	57
141	57
142	57
143	57
144	57
145	57
59	58
60	58
61	58
62	58
63	58
64	58
65	58
66	58
67	58
68	58
69	58
70	58
71	58
72	58
73	58
74	58
75	58
76	58
77	58
78	58
79	58
80	58
85	58
86	58
87	58
88	58
89	58
90	58
91	58
92	58
93	58
94	58
95	58
96	58
97	58
98	58
99	58
100	58
101	58
102	58
103	58
104	58
105	58
106	58
107	58
108	58
109	58
110	58
111	58
112	58
113	58
114	58
115	58
116	58
117	58
118	58
119	58
120	58
121	58
122	58
123	58
124	58
125	58
126	58
127	58
128	58
129	58
130	58
131	58
132	58
133	58
134	58
135	58
136	58
137	58
138	58
139	58
140	58
141	58
142	58
143	58
144	58
145	58
58	59
59	59
60	59
61	59
62	59
63	59
64	59
65	59
66	59
67	59
68	59
69	59
70	59
71	59
72	59
73	59
74	59
75	59
76	59
77	59
78	59
79	59
80	59
83	59
84	59
85	59
86	59
87	59
88	59
89	59
90	59
91	59
92	59
93	59
94	59
95	59
96	59
97	59
98	59
99	59
100	59
101	59
102	59
103	59
104	59
105	59
106	59
107	59
108	59
109	59
110	59
111	59
112	59
113	59
114	59
115	59
116	59
117	59
118	59
119	59
120	59
121	59
122	59
123	59
124	59
125	59
126	59
127	59
128	59
129	59
130	59
131	59
132	59
133	59
134	59
135	59
136	59
137	59
138	59
139	59
140	59
141	59
142	59
143	59
144	59
145	59
57	60
58	60
59	60
60	60
61	60
62	60
63	60
64	60
65	60
66	60
67	60
68	60
69	60
70	60
71	60
72	60
73	60
74	60
75	60
76	60
77	60
78	60
79	60
80	60
81	60
82	60
83	60
84	60
85	60
86	60
87	60
88	60
89	60
90	60
91	60
92	60
93	60
94	60
95	60
96	60
97	60
98	60
99	60
100	60
101	60
102	60
103	60
104	60
105	60
106	60
107	60
108	60
109	60
110	60
111	60
112	60
113	60
114	60
115	60
116	60
117	60
118	60
119	60
120	60
121	60
122	60
123	60
124	60
125	60
126	60
127	60
128	60
129	60
130	60
131	60
132	60
133	60
134	60
135	60
136	60
137	60
138	60
139	60
140	60
141	60
142	60
143	60
144	60
145	60
146	60
147	60
148	60
149	60
150	60
57	61
58	61
59	61
60	61
61	61
62	61
63	61
64	61
65	61
66	61
67	61
68	61
69	61
70	61
71	61
72	61
73	61
74	61
75	61
76	61
77	61
78	61
79	61
80	61
81	61
82	61
83	61
84	61
85	61
86	61
87	61
88	61
89	61
90	61
91	61
92	61
93	61
94	61
95	61
96	61
97	61
98	61
99	61
100	61
101	61
102	61
103	61
104	61
105	61
106	61
107	61
108	61
109	61
110	61
111	61
112	61
113	61
114	61
115	61
116	61
117	61
118	61
119	61
120	61
121	61
122	61
123	61
124	61
125	61
126	61
127	61
128	61
129	61
130	61
131	61
132	61
133	61
134	61
135	61
136	61
137	61
138	61
139	61
140	61
141	61
142	61
143	61
144	61
145	61
146	61
147	61
148	61
149	61
150	61
56	62
57	62
58	62
59	62
60	62
61	62
62	62
63	62
64	62
65	62
66	62
67	62
68	62
69	62
70	62
71	62
72	62
73	62
74	62
75	62
76	62
77	62
78	62
79	62
80	62
81	62
82	62
83	62
84	62
85	62
86	62
87	62
88	62
89	62
90	62
91	62
92	62
93	62
94	62
95	62
96	62
97	62
98	62
99	62
100	62
101	62
102	62
103	62
104	62
105	62
106	62
107	62
108	62
109	62
110	62
111	62
112	62
113	62
114	62
115	62
116	62
117	62
118	62
119	62
120	62
121	62
122	62
123	62
124	62
125	62
126	62
127	62
128	62
129	62
130	62
131	62
132	62
133	62
134	62
135	62
136	62
137	62
138	62
139	62
140	62
141	62
142	62
143	62
144	62
145	62
146	62
147	62
148	62
149	62
150	62
151	62
56	63
57	63
58	63
59	63
60	63
61	63
62	63
63	63
64	63
65	63
66	63
67	63
68	63
69	63
70	63
71	63
72	63
73	63
74	63
75	63
76	63
77	63
78	63
79	63
80	63
81	63
82	63
83	63
84	63
85	63
86	63
87	63
88	63
89	63
90	63
91	63
92	63
93	63
94	63
95	63
96	63
97	63
98	63
99	63
100	63
101	63
102	63
103	63
104	63
105	63
106	63
107	63
108	63
109	63
110	63
111	63
112	63
113	63
114	63
115	63
116	63
117	63
118	63
119	63
120	63
121	63
122	63
123	63
124	63
125	63
126	63
127	63
128	63
129	63
130	63
131	63
132	63
133	63
134	63
135	63
136	63
137	63
138	63
139	63
140	63
141	63
142	63
143	63
144	63
145	63
146	63
147	63
148	63
149	63
150	63
151	63
152	63
55	64
56	64
57	64
58	64
59	64
60	64
61	64
62	64
63	64
64	64
65	64
66	64
67	64
68	64
69	64
70	64
71	64
72	64
73	64
74	64
75	64
76	64
77	64
78	64
79	64
80	64
81	64
82	64
83	64
84	64
85	64
86	64
87	64
88	64
89	64
90	64
91	64
92	64
93	64
94	64
95	64
96	64
97	64
98	64
99	64
100	64
101	64
102	64
103	64
104	64
105	64
106	64
107	64
108	64
109	64
110	64
111	64
112	64
113	64
114	64
115	64
116	64
117	64
118	64
119	64
120	64
121	64
122	64
123	64
124	64
125	64
126	64
127	64
128	64
129	64
130	64
131	64
132	64
133	64
134	64
135	64
136	64
137	64
138	64
139	64
140	64
141	64
142	64
143	64
144	64
145	64
146	64
147	64
148	64
149	64
150	64
151	64
152	64
153	64
55	65
56	65
57	65
58	65
59	65
60	65
61	65
62	65
63	65
64	65
65	65
66	65
67	65
68	65
69	65
70	65
71	65
72	65
73	65
74	65
75	65
76	65
77	65
78	65
79	65
80	65
81	65
82	65
83	65
84	65
85	65
86	65
87	65
88	65
89	65
90	65
91	65
92	65
93	65
94	65
95	65
96	65
97	65
98	65
99	65
100	65
101	65
102	65
103	65
104	65
105	65
106	65
107	65
108	65
109	65
110	65
111	65
112	65
113	65
114	65
115	65
116	65
117	65
118	65
119	65
120	65
121	65
122	65
123	65
124	65
125	65
126	65
127	65
128	65
129	65
130	65
131	65
132	65
133	65
134	65
135	65
136	65
137	65
138	65
139	65
140	65
141	65
142	65
143	65
144	65
145	65
146	65
147	65
148	65
149	65
150	65
151	65
152	65
153	65
154	65
55	66
56	66
57	66
58	66
59	66
60	66
61	66
62	66
63	66
64	66
65	66
66	66
67	66
68	66
69	66
70	66
71	66
72	66
73	66
74	66
75	66
76	66
77	66
78	66
79	66
80	66
81	66
82	66
83	66
84	66
85	66
86	66
87	66
88	66
89	66
90	66
91	66
92	66
93	66
94	66
95	66
96	66
97	66
98	66
99	66
100	66
101	66
102	66
103	66
104	66
105	66
106	66
107	66
108	66
109	66
110	66
111	66
112	66
113	66
114	66
115	66
116	66
117	66
118	66
119	66
120	66
121	66
122	66
123	66
124	66
125	66
126	66
127	66
128	66
129	66
130	66
131	66
132	66
133	66
134	66
135	66
136	66
137	66
138	66
139	66
140	66
141	66
142	66
143	66
144	66
145	66
146	66
147	66
148	66
149	66
150	66
151	66
152	66
153	66
154	66
155	66
55	67
56	67
57	67
58	67
59	67
60	67
61	67
62	67
63	67
64	67
65	67
66	67
67	67
68	67
69	67
70	67
71	67
72	67
73	67
74	67
75	67
76	67
77	67
78	67
79	67
80	67
81	67
82	67
83	67
84	67
85	67
86	67
87	67
88	67
89	67
90	67
91	67
92	67
93	67
94	67
95	67
96	67
97	67
98	67
99	67
100	67
101	67
102	67
103	67
104	67
105	67
106	67
107	67
108	67
109	67
110	67
111	67
112	67
113	67
114	67
115	67
116	67
117	67
118	67
119	67
120	67
121	67
122	67
123	67
124	67
125	67
126	67
127	67
128	67
129	67
130	67
131	67
132	67
133	67
134	67
135	67
136	67
137	67
138	67
139	67
140	67
141	67
142	67
143	67
144	67
145	67
146	67
147	67
148	67
149	67
150	67
151	67
152	67
153	67
154	67
155	67
54	68
55	68
56	68
57	68
58	68
59	68
60	68
61	68
62	68
63	68
64	68
65	68
66	68
67	68
68	68
69	68
70	68
71	68
72	68
73	68
74	68
75	68
76	68
77	68
78	68
79	68
80	68
81	68
82	68
83	68
84	68
85	68
86	68
87	68
88	68
89	68
90	68
91	68
92	68
93	68
94	68
95	68
96	68
97	68
98	68
99	68
100	68
101	68
102	68
103	68
104	68
105	68
106	68
107	68
108	68
109	68
110	68
111	68
112	68
113	68
114	68
115	68
116	68
117	68
118	68
119	68
120	68
121	68
122	68
123	68
124	68
125	68
126	68
127	68
128	68
129	68
130	68
131	68
132	68
133	68
134	68
135	68
136	68
137	68
138	68
139	68
140	68
141	68
142	68
143	68
144	68
145	68
146	68
147	68
148	68
149	68
150	68
151	68
152	68
153	68
154	68
155	68
54	69
55	69
56	69
57	69
58	69
59	69
60	69
61	69
62	69
63	69
64	69
65	69
66	69
67	69
68	69
69	69
70	69
71	69
72	69
73	69
74	69
75	69
76	69
77	69
78	69
79	69
80	69
81	69
82	69
83	69
84	69
85	69
86	69
87	69
88	69
89	69
90	69
91	69
92	69
93	69
94	69
95	69
96	69
97	69
98	69
99	69
100	69
101	69
102	69
103	69
104	69
105	69
106	69
107	69
108	69
109	69
110	69
111	69
112	69
113	69
114	69
115	69
116	69
117	69
118	69
119	69
120	69
121	69
122	69
123	69
124	69
125	69
126	69
127	69
128	69
129	69
130	69
131	69
132	69
133	69
134	69
135	69
136	69
137	69
138	69
139	69
140	69
141	69
142	69
143	69
144	69
145	69
146	69
147	69
148	69
149	69
150	69
151	69
152	69
153	69
154	69
155	69
156	69
54	70
55	70
56	70
57	70
58	70
59	70
60	70
61	70
62	70
63	70
64	70
65	70
66	70
67	70
68	70
69	70
70	70
71	70
72	70
73	70
74	70
75	70
76	70
77	70
78	70
79	70
80	70
81	70
82	70
83	70
84	70
85	70
86	70
87	70
88	70
89	70
90	70
91	70
92	70
93	70
94	70
95	70
96	70
97	70
98	70
99	70
100	70
101	70
102	70
103	70
104	70
105	70
106	70
107	70
108	70
109	70
110	70
111	70
112	70
113	70
114	70
115	70
116	70
117	70
118	70
119	70
120	70
121	70
122	70
123	70
124	70
125	70
126	70
127	70
128	70
129	70
130	70
131	70
132	70
133	70
134	70
135	70
136	70
137	70
138	70
139	70
140	70
141	70
142	70
143	70
144	70
145	70
146	70
147	70
148	70
149	70
150	70
151	70
152	70
153	70
154	70
155	70
156	70
54	71
55	71
56	71
57	71
58	71
59	71
60	71
61	71
62	71
63	71
64	71
65	71
66	71
67	71
68	71
69	71
70	71
71	71
72	71
73	71
74	71
75	71
76	71
77	71
78	71
79	71
80	71
81	71
82	71
83	71
84	71
85	71
86	71
87	71
88	71
89	71
90	71
91	71
92	71
93	71
94	71
95	71
96	71
97	71
98	71
99	71
100	71
101	71
102	71
103	71
104	71
105	71
106	71
107	71
108	71
109	71
110	71
111	71
112	71
113	71
114	71
115	71
116	71
117	71
118	71
119	71
120	71
121	71
122	71
123	71
124	71
125	71
126	71
127	71
128	71
129	71
130	71
131	71
132	71
133	71
134	71
135	71
136	71
137	71
138	71
139	71
140	71
141	71
142	71
143	71
144	71
145	71
146	71
147	71
148	71
149	71
150	71
151	71
152	71
153	71
154	71
155	71
156	71
54	72
55	72
56	72
57	72
58	72
59	72
60	72
61	72
62	72
63	72
64	72
65	72
66	72
67	72
68	72
69	72
70	72
71	72
72	72
73	72
74	72
75	72
76	72
77	72
78	72
79	72
80	72
81	72
82	72
83	72
84	72
85	72
86	72
87	72
88	72
89	72
90	72
91	72
92	72
93	72
94	72
95	72
96	72
97	72
98	72
99	72
100	72
101	72
102	72
103	72
104	72
105	72
106	72
107	72
108	72
109	72
110	72
111	72
112	72
113	72
114	72
115	72
116	72
117	72
118	72
119	72
120	72
121	72
122	72
123	72
124	72
125	72
126	72
127	72
128	72
129	72
130	72
131	72
132	72
133	72
134	72
135	72
136	72
137	72
138	72
139	72
140	72
141	72
142	72
143	72
144	72
145	72
146	72
147	72
148	72
149	72
150	72
151	72
152	72
153	72
154	72
155	72
156	72
54	73
55	73
56	73
57	73
58	73
59	73
60	73
61	73
62	73
63	73
64	73
65	73
66	73
67	73
68	73
69	73
70	73
71	73
72	73
73	73
74	73
75	73
76	73
77	73
78	73
79	73
80	73
81	73
82	73
83	73
84	73
85	73
86	73
87	73
88	73
89	73
90	73
91	73
92	73
93	73
94	73
95	73
96	73
97	73
98	73
99	73
100	73
101	73
102	73
103	73
104	73
105	73
106	73
107	73
108	73
109	73
110	73
111	73
112	73
113	73
114	73
115	73
116	73
117	73
118	73
119	73
120	73
121	73
122	73
123	73
124	73
125	73
126	73
127	73
128	73
129	73
130	73
131	73
132	73
133	73
134	73
135	73
136	73
137	73
138	73
139	73
140	73
141	73
142	73
143	73
144	73
145	73
146	73
147	73
148	73
149	73
150	73
151	73
152	73
153	73
154	73
155	73
156	73
54	74
55	74
56	74
57	74
58	74
59	74
60	74
61	74
62	74
63	74
64	74
65	74
66	74
67	74
68	74
69	74
70	74
71	74
72	74
73	74
74	74
75	74
76	74
77	74
78	74
79	74
80	74
81	74
82	74
83	74
84	74
85	74
86	74
87	74
88	74
89	74
90	74
91	74
92	74
93	74
94	74
95	74
96	74
97	74
98	74
99	74
100	74
101	74
102	74
103	74
104	74
105	74
106	74
107	74
108	74
109	74
110	74
111	74
112	74
113	74
114	74
115	74
116	74
117	74
118	74
119	74
120	74
121	74
122	74
123	74
124	74
125	74
126	74
127	74
128	74
129	74
130	74
131	74
132	74
133	74
134	74
135	74
136	74
137	74
138	74
139	74
140	74
141	74
142	74
143	74
144	74
145	74
146	74
147	74
148	74
149	74
150	74
151	74
152	74
153	74
154	74
155	74
156	74
54	75
55	75
56	75
57	75
58	75
59	75
60	75
61	75
62	75
63	75
64	75
65	75
66	75
67	75
68	75
69	75
70	75
71	75
72	75
73	75
74	75
75	75
76	75
77	75
78	75
79	75
80	75
81	75
82	75
83	75
84	75
85	75
86	75
87	75
88	75
89	75
90	75
91	75
92	75
93	75
94	75
95	75
96	75
97	75
98	75
99	75
100	75
101	75
102	75
103	75
104	75
105	75
106	75
107	75
108	75
109	75
110	75
111	75
112	75
113	75
114	75
115	75
116	75
117	75
118	75
119	75
120	75
121	75
122	75
123	75
124	75
125	75
126	75
127	75
128	75
129	75
130	75
131	75
132	75
133	75
134	75
135	75
136	75
137	75
138	75
139	75
140	75
141	75
142	75
143	75
144	75
145	75
146	75
147	75
148	75
149	75
150	75
151	75
152	75
153	75
154	75
155	75
156	75
54	76
55	76
56	76
57	76
58	76
59	76
60	76
61	76
62	76
63	76
64	76
65	76
66	76
67	76
68	76
69	76
70	76
71	76
72	76
73	76
74	76
75	76
76	76
77	76
78	76
79	76
80	76
81	76
82	76
83	76
84	76
85	76
86	76
87	76
88	76
89	76
90	76
91	76
92	76
93	76
94	76
95	76
96	76
97	76
98	76
99	76
100	76
101	76
102	76
103	76
104	76
105	76
106	76
107	76
108	76
109	76
110	76
111	76
112	76
113	76
114	76
115	76
116	76
117	76
118	76
119	76
120	76
121	76
122	76
123	76
124	76
125	76
126	76
127	76
128	76
129	76
130	76
131	76
132	76
133	76
134	76
135	76
136	76
137	76
138	76
139	76
140	76
141	76
142	76
143	76
144	76
145	76
146	76
147	76
148	76
149	76
150	76
151	76
152	76
153	76
154	76
155	76
156	76
55	77
56	77
57	77
58	77
59	77
60	77
61	77
62	77
63	77
64	77
65	77
66	77
67	77
68	77
69	77
70	77
71	77
72	77
73	77
74	77
75	77
76	77
77	77
78	77
79	77
80	77
81	77
82	77
83	77
84	77
85	77
86	77
87	77
88	77
89	77
90	77
91	77
92	77
93	77
94	77
95	77
96	77
97	77
98	77
99	77
100	77
101	77
102	77
103	77
104	77
105	77
106	77
107	77
108	77
109	77
110	77
111	77
112	77
113	77
114	77
115	77
116	77
117	77
118	77
119	77
120	77
121	77
122	77
123	77
124	77
125	77
126	77
127	77
128	77
129	77
130	77
131	77
132	77
133	77
134	77
135	77
136	77
137	77
138	77
139	77
140	77
141	77
142	77
143	77
144	77
145	77
146	77
147	77
148	77
149	77
150	77
151	77
152	77
153	77
154	77
155	77
156	77
55	78
56	78
57	78
58	78
59	78
60	78
61	78
62	78
63	78
64	78
65	78
66	78
67	78
68	78
69	78
70	78
71	78
72	78
73	78
74	78
75	78
76	78
77	78
78	78
79	78
80	78
81	78
82	78
83	78
84	78
85	78
86	78
87	78
88	78
89	78
90	78
91	78
92	78
93	78
94	78
95	78
96	78
97	78
98	78
99	78
100	78
101	78
102	78
103	78
104	78
105	78
106	78
107	78
108	78
109	78
110	78
111	78
112	78
113	78
114	78
115	78
116	78
117	78
118	78
119	78
120	78
121	78
122	78
123	78
124	78
125	78
126	78
127	78
128	78
129	78
130	78
131	78
132	78
133	78
134	78
135	78
136	78
137	78
138	78
139	78
140	78
141	78
142	78
143	78
144	78
145	78
146	78
147	78
148	78
149	78
150	78
151	78
152	78
153	78
154	78
155	78
55	79
56	79
57	79
58	79
59	79
60	79
61	79
62	79
63	79
64	79
65	79
66	79
67	79
68	79
69	79
70	79
71	79
72	79
73	79
74	79
75	79
76	79
77	79
78	79
79	79
80	79
81	79
82	79
83	79
84	79
85	79
86	79
87	79
88	79
89	79
90	79
91	79
92	79
93	79
94	79
95	79
96	79
97	79
98	79
99	79
100	79
101	79
102	79
103	79
104	79
105	79
106	79
107	79
108	79
109	79
110	79
111	79
112	79
113	79
114	79
115	79
116	79
117	79
118	79
119	79
120	79
121	79
122	79
123	79
124	79
125	79
126	79
127	79
128	79
129	79
130	79
131	79
132	79
133	79
134	79
135	79
136	79
137	79
138	79
139	79
140	79
141	79
142	79
143	79
144	79
145	79
146	79
147	79
148	79
149	79
150	79
151	79
152	79
153	79
154	79
155	79
55	80
56	80
57	80
58	80
59	80
60	80
61	80
62	80
63	80
64	80
65	80
66	80
67	80
68	80
69	80
70	80
71	80
72	80
73	80
74	80
75	80
76	80
77	80
78	80
79	80
80	80
81	80
82	80
83	80
84	80
85	80
86	80
87	80
88	80
89	80
90	80
91	80
92	80
93	80
94	80
95	80
96	80
97	80
98	80
99	80
100	80
101	80
102	80
103	80
104	80
105	80
106	80
107	80
108	80
109	80
110	80
111	80
112	80
113	80
114	80
115	80
116	80
117	80
118	80
119	80
120	80
121	80
122	80
123	80
124	80
125	80
126	80
127	80
128	80
129	80
130	80
131	80
132	80
133	80
134	80
135	80
136	80
137	80
138	80
139	80
140	80
141	80
142	80
143	80
144	80
145	80
146	80
147	80
148	80
149	80
150	80
151	80
152	80
153	80
154	80
155	80
54	81
55	81
56	81
57	81
58	81
59	81
60	81
61	81
62	81
63	81
64	81
65	81
66	81
67	81
68	81
69	81
70	81
71	81
72	81
73	81
74	81
75	81
76	81
77	81
78	81
79	81
80	81
81	81
82	81
83	81
84	81
85	81
86	81
87	81
88	81
89	81
90	81
91	81
92	81
93	81
94	81
95	81
96	81
97	81
98	81
99	81
100	81
101	81
102	81
103	81
104	81
105	81
106	81
107	81
108	81
109	81
110	81
111	81
112	81
113	81
114	81
115	81
116	81
117	81
118	81
119	81
120	81
121	81
122	81
123	81
124	81
125	81
126	81
127	81
128	81
129	81
130	81
131	81
132	81
133	81
134	81
135	81
136	81
137	81
138	81
139	81
140	81
141	81
142	81
143	81
144	81
145	81
146	81
147	81
148	81
149	81
150	81
151	81
152	81
153	81
154	81
53	82
54	82
55	82
56	82
57	82
58	82
59	82
60	82
61	82
62	82
63	82
64	82
65	82
66	82
67	82
68	82
69	82
70	82
71	82
72	82
73	82
74	82
75	82
76	82
77	82
78	82
79	82
80	82
81	82
82	82
83	82
84	82
85	82
86	82
87	82
88	82
89	82
90	82
91	82
92	82
93	82
94	82
95	82
96	82
97	82
98	82
99	82
100	82
101	82
102	82
103	82
104	82
105	82
106	82
107	82
108	82
109	82
110	82
111	82
112	82
113	82
114	82
115	82
116	82
117	82
118	82
119	82
120	82
121	82
122	82
123	82
124	82
125	82
126	82
127	82
128	82
129	82
130	82
131	82
132	82
133	82
134	82
135	82
136	82
137	82
138	82
139	82
140	82
141	82
142	82
143	82
144	82
145	82
146	82
147	82
148	82
149	82
150	82
151	82
152	82
153	82
53	83
54	83
55	83
56	83
57	83
58	83
59	83
60	83
61	83
62	83
63	83
64	83
65	83
66	83
67	83
68	83
69	83
70	83
71	83
72	83
73	83
74	83
75	83
76	83
77	83
78	83
79	83
80	83
81	83
82	83
83	83
84	83
85	83
86	83
87	83
88	83
89	83
90	83
91	83
92	83
93	83
94	83
95	83
96	83
97	83
98	83
99	83
100	83
101	83
102	83
103	83
104	83
105	83
106	83
107	83
108	83
109	83
110	83
111	83
112	83
113	83
114	83
115	83
116	83
117	83
118	83
119	83
120	83
121	83
122	83
123	83
124	83
125	83
126	83
127	83
128	83
129	83
130	83
131	83
132	83
133	83
134	83
135	83
136	83
137	83
138	83
139	83
140	83
141	83
142	83
143	83
144	83
145	83
146	83
147	83
148	83
149	83
150	83
151	83
152	83
153	83
52	84
53	84
54	84
55	84
56	84
57	84
58	84
59	84
60	84
61	84
62	84
63	84
64	84
65	84
66	84
67	84
68	84
69	84
70	84
71	84
72	84
73	84
74	84
75	84
76	84
77	84
78	84
79	84
80	84
81	84
82	84
83	84
84	84
85	84
86	84
87	84
88	84
89	84
90	84
91	84
92	84
93	84
94	84
95	84
96	84
97	84
98	84
99	84
100	84
101	84
102	84
103	84
104	84
105	84
106	84
107	84
108	84
109	84
110	84
111	84
112	84
113	84
114	84
115	84
116	84
117	84
118	84
119	84
120	84
121	84
122	84
123	84
124	84
125	84
126	84
127	84
128	84
129	84
130	84
131	84
132	84
133	84
134	84
135	84
136	84
137	84
138	84
139	84
140	84
141	84
142	84
143	84
144	84
145	84
146	84
147	84
148	84
149	84
150	84
151	84
152	84
52	85
53	85
54	85
55	85
56	85
57	85
58	85
59	85
60	85
61	85
62	85
63	85
64	85
65	85
66	85
67	85
68	85
69	85
70	85
71	85
72	85
73	85
74	85
75	85
76	85
77	85
78	85
79	85
80	85
81	85
82	85
83	85
84	85
85	85
86	85
87	85
88	85
89	85
90	85
91	85
92	85
93	85
94	85
95	85
96	85
97	85
98	85
99	85
100	85
101	85
102	85
103	85
104	85
105	85
106	85
107	85
108	85
109	85
110	85
111	85
112	85
113	85
114	85
115	85
116	85
117	85
118	85
119	85
120	85
121	85
122	85
123	85
124	85
125	85
126	85
127	85
128	85
129	85
130	85
131	85
132	85
133	85
134	85
135	85
136	85
137	85
138	85
139	85
140	85
141	85
142	85
143	85
144	85
145	85
146	85
147	85
148	85
149	85
150	85
151	85
51	86
52	86
53	86
54	86
55	86
56	86
57	86
58	86
59	86
60	86
61	86
62	86
63	86
64	86
65	86
66	86
67	86
68	86
69	86
70	86
71	86
72	86
73	86
74	86
75	86
76	86
77	86
78	86
79	86
80	86
81	86
82	86
83	86
84	86
85	86
86	86
87	86
88	86
89	86
90	86
91	86
92	86
93	86
94	86
95	86
96	86
97	86
98	86
99	86
100	86
101	86
102	86
103	86
104	86
105	86
106	86
107	86
108	86
109	86
110	86
111	86
112	86
113	86
114	86
115	86
116	86
117	86
118	86
119	86
120	86
121	86
122	86
123	86
124	86
125	86
126	86
127	86
128	86
129	86
130	86
131	86
132	86
133	86
134	86
135	86
136	86
137	86
138	86
139	86
140	86
141	86
142	86
143	86
144	86
145	86
146	86
147	86
148	86
149	86
51	87
52	87
53	87
54	87
55	87
56	87
57	87
58	87
59	87
60	87
61	87
62	87
63	87
64	87
65	87
66	87
67	87
70	87
71	87
72	87
73	87
74	87
75	87
76	87
77	87
78	87
79	87
80	87
81	87
82	87
83	87
84	87
85	87
86	87
87	87
88	87
89	87
90	87
91	87
92	87
93	87
94	87
95	87
96	87
97	87
98	87
99	87
100	87
101	87
102	87
103	87
104	87
105	87
106	87
107	87
108	87
109	87
110	87
111	87
112	87
113	87
114	87
115	87
116	87
117	87
118	87
119	87
120	87
121	87
122	87
123	87
124	87
125	87
126	87
127	87
128	87
129	87
130	87
131	87
132	87
133	87
134	87
135	87
136	87
137	87
138	87
139	87
140	87
141	87
142	87
143	87
144	87
145	87
50	88
51	88
52	88
53	88
54	88
55	88
56	88
57	88
58	88
59	88
60	88
61	88
62	88
63	88
64	88
65	88
66	88
67	88
78	88
79	88
80	88
81	88
82	88
83	88
84	88
85	88
86	88
87	88
88	88
89	88
90	88
91	88
92	88
93	88
94	88
95	88
96	88
97	88
98	88
99	88
100	88
101	88
102	88
103	88
104	88
105	88
106	88
107	88
108	88
109	88
110	88
111	88
112	88
113	88
114	88
115	88
116	88
117	88
118	88
119	88
120	88
121	88
122	88
123	88
124	88
125	88
126	88
127	88
128	88
129	88
130	88
131	88
132	88
133	88
134	88
135	88
136	88
137	88
138	88
139	88
140	88
141	88
142	88
143	88
144	88
145	88
50	89
51	89
52	89
53	89
54	89
55	89
56	89
57	89
58	89
59	89
60	89
61	89
62	89
63	89
64	89
65	89
66	89
67	89
79	89
80	89
81	89
82	89
83	89
84	89
85	89
86	89
87	89
88	89
89	89
90	89
91	89
92	89
93	89
94	89
95	89
96	89
97	89
98	89
99	89
100	89
101	89
102	89
103	89
104	89
105	89
106	89
107	89
108	89
109	89
110	89
111	89
112	89
113	89
114	89
115	89
116	89
117	89
118	89
119	89
120	89
121	89
122	89
123	89
124	89
125	89
126	89
127	89
128	89
129	89
130	89
131	89
132	89
133	89
134	89
135	89
136	89
137	89
138	89
139	89
140	89
141	89
142	89
143	89
144	89
145	89
50	90
51	90
52	90
53	90
54	90
55	90
56	90
57	90
58	90
59	90
60	90
61	90
62	90
63	90
64	90
65	90
66	90
67	90
80	90
81	90
82	90
83	90
84	90
85	90
86	90
87	90
88	90
89	90
90	90
91	90
92	90
93	90
94	90
95	90
96	90
97	90
98	90
99	90
100	90
101	90
102	90
103	90
104	90
105	90
106	90
107	90
108	90
109	90
110	90
111	90
112	90
113	90
114	90
115	90
116	90
117	90
118	90
119	90
120	90
121	90
122	90
123	90
124	90
125	90
126	90
127	90
128	90
129	90
130	90
131	90
132	90
133	90
134	90
135	90
136	90
137	90
138	90
139	90
140	90
141	90
142	90
143	90
144	90
49	91
50	91
51	91
52	91
53	91
54	91
55	91
56	91
57	91
58	91
59	91
60	91
61	91
62	91
63	91
64	91
65	91
66	91
67	91
82	91
83	91
84	91
85	91
86	91
87	91
88	91
89	91
90	91
91	91
92	91
93	91
94	91
95	91
96	91
97	91
98	91
99	91
100	91
101	91
102	91
103	91
104	91
105	91
106	91
107	91
108	91
109	91
110	91
111	91
112	91
113	91
114	91
115	91
116	91
117	91
118	91
119	91
120	91
121	91
122	91
123	91
124	91
125	91
126	91
127	91
128	91
129	91
130	91
131	91
132	91
133	91
134	91
135	91
136	91
137	91
138	91
139	91
140	91
141	91
142	91
143	91
144	91
49	92
50	92
51	92
52	92
53	92
54	92
55	92
56	92
57	92
58	92
59	92
60	92
61	92
62	92
63	92
64	92
65	92
66	92
67	92
83	92
84	92
85	92
86	92
87	92
88	92
89	92
90	92
91	92
92	92
93	92
94	92
95	92
96	92
97	92
98	92
99	92
100	92
101	92
102	92
103	92
104	92
105	92
106	92
107	92
108	92
109	92
110	92
111	92
112	92
113	92
114	92
115	92
116	92
117	92
118	92
119	92
120	92
121	92
122	92
123	92
124	92
125	92
126	92
127	92
128	92
129	92
130	92
131	92
132	92
133	92
134	92
135	92
136	92
137	92
138	92
139	92
140	92
141	92
142	92
143	92
144	92
49	93
50	93
51	93
52	93
53	93
54	93
55	93
56	93
57	93
58	93
59	93
60	93
61	93
62	93
63	93
64	93
65	93
66	93
86	93
87	93
88	93
89	93
90	93
91	93
92	93
93	93
94	93
95	93
96	93
97	93
98	93
99	93
100	93
101	93
102	93
103	93
104	93
105	93
106	93
107	93
108	93
109	93
110	93
111	93
112	93
113	93
114	93
115	93
116	93
117	93
118	93
119	93
120	93
121	93
122	93
123	93
124	93
125	93
126	93
127	93
128	93
129	93
130	93
131	93
132	93
133	93
134	93
135	93
136	93
137	93
138	93
139	93
140	93
141	93
142	93
143	93
49	94
50	94
51	94
52	94
53	94
54	94
55	94
56	94
57	94
58	94
59	94
60	94
61	94
62	94
63	94
64	94
65	94
66	94
89	94
90	94
91	94
92	94
93	94
94	94
95	94
96	94
97	94
98	94
99	94
100	94
101	94
102	94
103	94
104	94
105	94
106	94
107	94
108	94
109	94
110	94
111	94
112	94
113	94
114	94
115	94
116	94
117	94
118	94
119	94
120	94
121	94
122	94
123	94
124	94
125	94
126	94
127	94
128	94
129	94
130	94
131	94
132	94
133	94
134	94
135	94
136	94
137	94
138	94
139	94
140	94
141	94
142	94
143	94
48	95
49	95
50	95
51	95
52	95
53	95
54	95
55	95
56	95
57	95
58	95
59	95
60	95
61	95
62	95
63	95
64	95
65	95
66	95
93	95
94	95
95	95
96	95
97	95
98	95
99	95
100	95
101	95
102	95
103	95
104	95
105	95
106	95
107	95
108	95
109	95
110	95
111	95
112	95
113	95
114	95
115	95
116	95
117	95
118	95
119	95
120	95
121	95
122	95
123	95
124	95
125	95
126	95
127	95
128	95
129	95
130	95
131	95
132	95
133	95
134	95
135	95
136	95
137	95
138	95
139	95
140	95
141	95
142	95
48	96
49	96
50	96
51	96
52	96
53	96
54	96
55	96
56	96
57	96
58	96
59	96
60	96
61	96
62	96
63	96
64	96
65	96
96	96
97	96
98	96
99	96
100	96
101	96
102	96
103	96
104	96
105	96
106	96
107	96
108	96
109	96
110	96
111	96
112	96
113	96
114	96
115	96
116	96
117	96
118	96
119	96
120	96
121	96
122	96
123	96
124	96
125	96
126	96
127	96
128	96
129	96
130	96
131	96
132	96
133	96
134	96
135	96
136	96
137	96
138	96
139	96
140	96
48	97
49	97
50	97
51	97
52	97
53	97
54	97
55	97
56	97
57	97
58	97
59	97
60	97
61	97
62	97
63	97
64	97
65	97
100	97
101	97
102	97
103	97
104	97
105	97
106	97
107	97
108	97
109	97
110	97
111	97
112	97
113	97
114	97
115	97
116	97
117	97
118	97
119	97
120	97
121	97
122	97
123	97
124	97
125	97
126	97
127	97
128	97
129	97
130	97
131	97
132	97
133	97
134	97
135	97
136	97
137	97
138	97
139	97
47	98
48	98
49	98
50	98
51	98
52	98
53	98
54	98
55	98
56	98
57	98
58	98
59	98
60	98
61	98
62	98
63	98
64	98
100	98
101	98
102	98
103	98
104	98
105	98
106	98
107	98
108	98
109	98
110	98
111	98
112	98
113	98
114	98
115	98
116	98
117	98
118	98
119	98
120	98
121	98
122	98
123	98
124	98
125	98
126	98
127	98
128	98
129	98
130	98
131	98
132	98
133	98
134	98
135	98
136	98
137	98
138	98
47	99
48	99
49	99
50	99
51	99
52	99
53	99
54	99
55	99
56	99
57	99
58	99
59	99
60	99
61	99
62	99
63	99
101	99
102	99
103	99
104	99
105	99
106	99
107	99
108	99
109	99
110	99
111	99
112	99
113	99
114	99
115	99
116	99
117	99
118	99
119	99
120	99
121	99
122	99
123	99
124	99
125	99
126	99
127	99
128	99
129	99
130	99
131	99
132	99
133	99
134	99
135	99
136	99
47	100
48	100
49	100
50	100
51	100
52	100
53	100
54	100
55	100
56	100
57	100
58	100
59	100
60	100
61	100
62	100
101	100
102	100
103	100
104	100
105	100
106	100
107	100
108	100
109	100
110	100
111	100
112	100
113	100
114	100
115	100
116	100
117	100
118	100
119	100
120	100
121	100
122	100
123	100
124	100
125	100
126	100
127	100
128	100
129	100
130	100
131	100
132	100
133	100
46	101
47	101
48	101
49	101
50	101
51	101
52	101
53	101
54	101
55	101
56	101
57	101
58	101
59	101
60	101
61	101
101	101
102	101
103	101
104	101
105	101
106	101
107	101
108	101
109	101
110	101
111	101
112	101
113	101
114	101
115	101
116	101
117	101
118	101
119	101
120	101
121	101
122	101
123	101
124	101
125	101
126	101
127	101
128	101
129	101
46	102
47	102
48	102
49	102
50	102
51	102
52	102
53	102
54	102
55	102
56	102
57	102
58	102
59	102
60	102
102	102
103	102
104	102
105	102
106	102
107	102
108	102
109	102
110	102
111	102
112	102
113	102
114	102
115	102
116	102
117	102
118	102
119	102
120	102
121	102
122	102
123	102
124	102
125	102
126	102
46	103
47	103
48	103
49	103
50	103
51	103
52	103
53	103
54	103
55	103
56	103
57	103
58	103
59	103
60	103
103	103
104	103
105	103
106	103
107	103
108	103
109	103
110	103
111	103
112	103
113	103
114	103
115	103
116	103
117	103
118	103
119	103
120	103
121	103
122	103
123	103
124	103
45	104
46	104
47	104
48	104
49	104
50	104
51	104
52	104
53	104
54	104
55	104
56	104
57	104
58	104
59	104
60	104
105	104
106	104
107	104
108	104
109	104
110	104
111	104
112	104
113	104
114	104
115	104
116	104
117	104
118	104
119	104
45	105
46	105
47	105
48	105
49	105
50	105
51	105
52	105
53	105
54	105
55	105
56	105
57	105
58	105
59	105
60	105
107	105
108	105
109	105
110	105
111	105
112	105
113	105
114	105
115	105
44	106
45	106
46	106
47	106
48	106
49	106
50	106
51	106
52	106
53	106
54	106
55	106
56	106
57	106
58	106
59	106
60	106
43	107
44	107
45	107
46	107
47	107
48	107
49	107
50	107
51	107
52	107
53	107
54	107
55	107
56	107
57	107
58	107
59	107
43	108
44	108
45	108
46	108
47	108
48	108
49	108
50	108
51	108
52	108
53	108
54	108
55	108
56	108
57	108
58	108
59	108
42	109
43	109
44	109
45	109
46	109
47	109
48	109
49	109
50	109
51	109
52	109
53	109
54	109
55	109
56	109
57	109
58	109
59	109
42	110
43	110
44	110
45	110
46	110
47	110
48	110
49	110
50	110
51	110
52	110
53	110
54	110
55	110
56	110
57	110
58	110
59	110
42	111
43	111
44	111
45	111
46	111
47	111
48	111
49	111
50	111
51	111
52	111
53	111
54	111
55	111
56	111
57	111
58	111
41	112
42	112
43	112
44	112
45	112
46	112
47	112
48	112
49	112
50	112
51	112
52	112
53	112
54	112
55	112
56	112
57	112
58	112
41	113
42	113
43	113
44	113
45	113
46	113
47	113
48	113
49	113
50	113
51	113
52	113
53	113
54	113
55	113
56	113
57	113
41	114
42	114
43	114
44	114
45	114
46	114
47	114
48	114
49	114
50	114
51	114
52	114
53	114
54	114
55	114
56	114
41	115
42	115
43	115
44	115
45	115
46	115
47	115
48	115
49	115
50	115
51	115
52	115
53	115
54	115
55	115
56	115
41	116
42	116
43	116
44	116
45	116
46	116
47	116
48	116
49	116
50	116
51	116
52	116
53	116
54	116
55	116
42	117
43	117
44	117
45	117
46	117
47	117
48	117
49	117
50	117
51	117
52	117
53	117
54	117
43	118
44	118
45	118
46	118
47	118
48	118
49	118
50	118
51	118
52	118
53	118
44	119
45	119
46	119
47	119
48	119
49	119
50	119
51	119