29 84
46 108
50 112
112 154
87 41
107 36
26 85
64 92
42 104
37 97
15 102
23 118
17 120
63 168
35 144
62 116
65 102
78 160
121 148
150 105
151 85
150 54
68 56
109 36
116 33
117 30
17 79
8 91
32 92
32 86
27 84
61 68
62 80
62 81
37 95
35 90
38 100
63.9932 102.354
66 108
49 111
40 103
34 96
34 95
13 100
14 101
19 109
21 113
23 113
23 120
22 114
16 121
25 140
27 141
39 152
38 151
37 146
39 157
46 162
53 165
50 164
48 163
61 120
40 157
51.442 113.844
59 117
62 118
95 159
102 158
102 160
100 159
94 161
69 169
72 169
73 168
99 161
100 161
108 155
109 155
113 152
117 152
122 146
146 145
124 141
127 137
139 141
148 140
150 107
151 70
150 55
150 63
149 112
127 133
67 105
66 98
148 93
148 50
96 38
76 47
98 37
105 36
116 35
120 26
121 26
144 40
136 30
128 25
14 79
10 82
11 82
13 82
9 83
9 84
9 86
9 85
11 83
15 80
14 81
28 86
28 85
26 81
26 80
23 80
19 79
20 78
23 79
62 64
60 71
63 67
65 63
67 57
69 54
73 51
70 54
68 55
67 58
61 71
61 73
62 82
62 83
62 88
61 82
61 74
61 84
29 86
32 87
39 100
40 101
62.7557 98.6414
63 95
63 94
64 100
65 100
66 100
66 101
63.2861 100.232
63.1093 101.293
67 102
67 104
65 103
64.1699 104.475
43 104
41.7193 101.116
39 102
41 104
40 104
39 104
39 103
35 96
38 99
38 97
36 95
37.4767 93.5149
34 91
33 93
33 95
15 98
13 97
9 92
12 95
11 96
13 99
14 98
19 105
17 102
16 102
17 105
17 106
21 119
20 118
18 108
40 105
41 107
25 117
24 115
22 118
20 119
20 120
15 120
14 124
13 128
13 131
13 129
12 124
12 127
12 129
12 132
14 133
16 135
15 133
14 134
17 137
18 137
22 139
20 138
19 137
37 147
38 152
40 161
41 160
39 153
37 144
36 146
25 139
26 139
29 142
49 115
50 115
52 117
51 117
42 160
43 163
51 164
54 165
57 165
54 164
64 167
67 167
69 168
70 168
71 168
71 167
58 166
60 119
62 166
73 166
64 114
64 113
63 112
63 113
62 114
62 112
50 113
44 111
46 112
50.0278 110.485
43 108
42 107
43 106
44 107
44 105
45 107
64 109
66 109
65 107
66 106
124 140
125 137
126 137
126 140
128 130
128 131
128 133
127 132
127 136
121 144
124 143
122 145
120 148
119 147
116 151
116 149
114 153
113 153
112 155
80 158
86 158
84 159
83 159
82 159
76 165
74 166
77 165
78 164
86 159
91 161
88 162
92 162
94 162
92 161
99 160
88 159
97 159
103 159
108 157
137 133
138 133
138 137
137 135
137 137
140 138
138 139
140 141
140 140
141 140
144 142
142 143
146 143
148 142
148 139
149 138
148 137
149 137
149 134
150 133
151 132
150 131
149 126
149 127
150 130
137 131
133 131
129 131
129 130
130 130
149 119
148 118
148 116
149 116
149 115
149 108
150 113
151 118
151 112
151 107
151 102
151 97
151 96
151 94
151 93
151 92
151 90
151 74
151 79
151 80
151 58
151 57
151 65
151 71
150 71
151 76
151 77
150 90
150 99
150 102
150 88
150 77
150 60
150 66
150 67
149 106
149 91
149 73
149 68
150 58
148 47
75 48
83 45
147 46
147 45
149 51
149 55
150 56
150 51
149 47
111 37
109 37
99 39
94 39
87 42
82 44
80 45
84 43
86 42
86 41
106 36
102 36
112 36
114 36
115 34
116 30
117 32
117 28
119 27
118 26
120 25
126 23
130 25
127 25
123 26
131 26
134 28
139 33
140 33
137 30
145 42
145 43
148 45
146 44
147 43
143 39
143 37
140 34
141 36
142 33
16 78
16 79
17 78
18 78
19 78
21 78
22 78
22 79
18 79
20 79
21 79
19 80
17 80
16 80
14 80
15 79
13 79
13 80
12 80
10 83
10 84
10 85
8 85
8 86
8 87
8 88
9 88
10 88
9 87
11 85
10 87
11 84
12 83
12 82
12 81
11 81
13 81
15 81
20 80
26 84
28 84
29 85
27 85
27 86
29 87
29 88
30 88
30 87
30 86
31 88
31 89
32 89
32 88
33 88
33 87
31 87
30 85
31 86
31 85
31 84
30 84
28 82
29 83
28 83
27 83
26 83
25 83
25 82
26 82
25 81
24 80
23 78
24 79
25 80
27 81
27 82
28 81
60 81
27 80
63 62
64 61
65 62
64 62
63 63
63 64
63 65
64 65
64 64
64 63
65 60
65 61
66 62
66 61
66 60
67 60
65 59
66 59
66 58
66 57
70 52
69 53
70 53
71 52
71 51
72 50
72 51
73 52
72 52
71 53
70 55
71 54
69 55
69 56
69 57
68 57
68 54
67 56
68 58
67 59
62 65
62 66
62 69
62 68
62 67
63 66
64 66
63 68
63 69
63 70
62 70
63 85
63 86
63 87
63 88
62 72
62 71
62 84
62 85
62 86
62 87
61.3415 87.3277
61 83
61 81
61 80
61 79
61 72
61 67
61 69
61 70
61 76
61 75
60 72
61 77
61 78
60.2809 83.7922
60.4576 82.3779
60.988 85.3831
60.988 88.7419
60.6344 86.0903
38 96
39.598 96.5201
39 97
38 98
39 98
39 99
40 100
40 99
40 98
41 99
41 100
62.9325 96.6969
62.0486 94.0452
61.8718 92.2774
62 91
61.3415 90.5097
62 90
62 89
63 90
63 89
63 91
63 93
63 92
64 91
64 93
64 94
65 95
64 95
64 96
65 96
65 97
66 99
65 98
65 99
65 101
64 97
64 98
64 99
64 101
63.4628 103.591
45.7852 105.005
64.5235 105.536
65 105
65 104
66 102
66 103
67 103
66 104
66 105
65 106
67 106
66 107
63.9932 107.834
63.6396 106.42
47.7297 107.834
46.4923 106.95
45 106
45.7852 106.243
45 108
44 108
42 108
42 106
43 107
44 106
44.9013 104.829
44.1942 103.238
42.9567 101.823
43 103
43 105
42 102
41 101
39 101
41 102
40 102
41 103
42 103
42 105
41 105
41 106
38 101
37 100
37 98
37 99
36 99
21 108
20 108
19 108
19 107
19 106
36 98
35 97
33 94
35 95
35 94
36 96
36 97
37 96
38 95
37 94
36 94
34 94
34 93
35 93
36 93
35 92
36.0624 91.7471
34 90
35 91
34 92
34 89
33 89
30 89
33 90
32 90
31 90
33 91
33 92
32 91
31 91
12 94
11 95
11 94
11 93
12 93
11 92
11 91
11 90
10 90
10 91
9 90
9 89
8 89
8 90
9 91
10 92
10 93
10 94
10 95
9 93
12 96
12 97
12 98
13 98
13 96
14 99
15 99
16 100
15 100
14 100
17 103
17 104
18 105
18 106
18 107
16 103
16 101
15 101
16 104
16 105
19 110
20 110
18 118
19 118
17 119
18 119
18 120
19 120
19 119
21 118
21 120
22 113
21 112
22 112
22 111
21 111
20 109
21 110
21 109
22 110
23 111
23 114
24 113
23 112
43 109
44 109
44 110
43 110
24 114
24 116
25 116
25 118
24 117
24 119
23 116
23 115
23 119
22 119
22 120
14 121
14 122
14 135
14 123
15 121
16 120
17 121
15 122
15 134
15 135
19 136
22 137
22 138
21 137
20 137
18 136
17 136
16 136
15 136
16 137
13 134
13 133
13 132
13 127
14 132
13 126
14 120
13 121
13 124
13 125
13 123
13 122
12 125
12 126
11 127
11 128
12 128
13 130
12 130
12 131
18 138
19 138
20 139
21 139
21 138
23 138
24 138
27 139
24 139
23 139
30 140
31 140
29 140
28 140
27 140
26 141
26 140
24 140
23 140
22 140
28 141
29 141
32 141
31 141
30 141
30 142
31 142
32 143
32 142
33 142
33 143
36 149
36 147
36 145
36 144
35 143
34 143
34 142
35 142
36 143
38 155
38 156
39 156
39 158
38 157
40 158
39 159
41 162
40 160
40 159
41 161
42 162
44 163
43 162
44 162
43 161
42 161
41 159
41 158
42 159
39 155
39 154
39 151
38 153
38 154
37 154
37 153
37 152
37 151
37 150
37 149
36 150
36 148
37 148
37 145
38 149
38 150
39 150
39 149
38 148
54 119
55 119
55 120
56 120
57 119
58 119
58 121
58 122
57 120
50 162
51 162
52 163
51 163
49 162
48 162
47 162
45 162
46 163
45 163
47 163
49 163
50 163
45 164
44 164
46 164
47 164
48 164
49 164
52 164
53 164
55 165
57 166
56 165
58 165
56 164
55 164
53 163
57 164
58 164
61 167
62 167
66 167
65 167
63 167
64 168
65 168
66 169
67 169
66 168
67 168
68 169
70 169
71 169
68 168
72 168
68 167
69 167
70 167
72 167
70 166
64 166
62 165
63 166
61 166
60 166
59 166
59 165
60 165
61 165
59 164
59 122
58 120
59 121
59 120
60 121
60 164
60 120
61 119
62 119
63 118
59 119
60 118
61 118
63 117
62 117
63 116
61 116
60.4576 116.142
61 117
59 118
58 117
57 117
56 117
55 117
57 118
58 118
56 118
56 119
55 118
54 118
55 116
54 117
53 118
53 119
52 118
51 118
49 117
50 117
53 117
49 116
48 116
48 115
50 116
51 116
52 115
52 116
53 116
54 116
53 115
48 114
48 113
48 112
47 113
47 114
47 112
46 113
45 111
46 111
47 111
46 110
45 110
45 109
46 109
46.8458 108.187
47 109
47 110
48 111
48 110
48 109
48.7904 110.309
49 112
62 113
50.3814 112.784
49 113
49 114
50 114
51 115
62 115
51 114
63 114
63 115
64 112
64 111
63.1093 110.662
65 110
64 110
63.1093 109.071
65 109
65 108
120 145
121 145
120 146
121 146
118 147
118 148
119 148
120 147
121 147
122 144
122 147
123 145
123 144
124 144
123 143
122 143
123 142
123 141
124 142
126 131
126 132
126 135
126 134
126 133
127 131
128 132
128 134
127 134
127 135
125 136
126 136
126 138
126 139
125 138
125 140
125 139
125 141
125 142
125 143
115 150
115 151
116 150
117 150
117 149
118 149
119 149
118 150
118 151
117 151
115 152
116 152
115 153
114 152
114 154
113 154
112 152
112 153
111 153
111 154
109 157
108 158
107 157
109 156
110 156
111 155
110 155
110 154
109 154
108 156
106 157
107 156
105 157
83 157
82 157
81 157
105 158
104 158
85 158
82 158
79 159
79 160
80 159
81 159
81 158
83 158
84 158
89 160
87 159
85 159
87 160
88 160
88 161
87 161
86 160
86 161
85 160
80 160
79 161
77 161
75 164
76 163
76 164
75 165
74 165
73 167
74 167
74 168
75 167
75 166
76 166
76 167
77 166
77 164
77 163
78 163
77 162
78 162
78 161
79 162
89 161
91 160
95 161
93 161
90 161
89 162
90 162
91 162
93 162
95 162
96 161
96 162
97 162
98 162
99 162
98 161
97 161
95 160
97 160
98 160
101 160
102 159
98 159
100 160
96 160
94 160
93 160
90 160
92 160
96 159
99 159
89 159
101 159
101 158
103 158
104 159
105 159
106 159
106 158
107 158
131 129
131 130
132 130
133 130
134 129
134 130
137 130
136 130
135 130
136 131
138 132
138 134
137 132
137 134
136 133
136 132
135 131
134 131
129 132
128 135
136 134
138 135
137 136
136 135
138 136
138 138
138 140
139 140
139 137
139 139
140 142
141 143
141 142
141 141
140 139
139 138
139 136
139 135
140 137
142 142
143 142
145 142
144 143
143 143
143 144
144 144
145 145
145 144
145 143
146 144
147 145
148 145
149 145
147 144
149 144
148 144
147 143
148 143
149 143
149 142
149 141
149 136
149 139
149 140
148 141
142 141
141 139
142 140
148 138
149 135
149 133
149 132
149 131
149 130
150 129
150 132
151 133
151 131
151 130
151 129
151 128
151 126
151 125
151 124
151 123
151 122
151 117
151 119
151 120
151 121
150 120
150 121
150 122
150 123
150 124
150 126
151 127
150 127
150 128
149 128
150 125
149 124
149 125
133 129
132 129
130 129
129 129
130 128
131 128
149 123
149 122
148 117
149 121
149 120
149 117
149 118
150 119
150 118
150 117
150 116
150 115
150 111
150 112
150 114
149 114
148 115
148 114
149 113
150 110
149 109
149 107
149 105
149 103
149 102
149 100
149 101
150 109
150 106
149 99
150 100
150 101
151 103
150 103
150 104
151 105
150 108
151 113
151 111
151 110
151 115
151 116
151 114
151 109
151 108
151 106
151 104
151 101
151 100
151 99
151 98
151 95
151 91
151 89
150 97
150 91
150 86
151 88
151 87
151 86
151 84
150 83
150 80
151 83
151 81
151 82
151 78
151 75
151 73
151 72
151 69
151 68
151 67
151 66
151 64
151 63
151 60
151 61
151 62
151 52
151 51
151 53
151 54
151 55
151 56
151 59
150 62
150 64
150 69
150 73
150 72
150 70
150 68
150 65
150 61
150 59
150 52
150 53
150 57
149 54
149 50
149 58
149 59
149 61
149 62
149 67
150 74
149 71
149 72
149 74
149 76
150 78
150 76
150 75
150 79
150 81
150 82
150 84
150 85
150 87
150 89
150 92
150 93
150 94
150 96
150 95
149 89
149 97
150 98
149 98
149 95
149 94
149 93
149 92
149 70
149 69
149 52
149 60
149 64
149 56
149 53
149 57
149 63
149 65
149 66
149 75
149 88
149 90
149 96
148 91
149 49
148 53
148 60
148 90
148 52
148 51
73 50
74 50
148 49
74 49
73 49
73 48
74 48
75 49
76 48
77 48
147 48
148 48
149 48
81 46
80 46
79 46
79 47
78 47
77 47
75 47
76 46
77 46
78 46
79 45
78 45
79 44
80 44
81 45
81 43
81 44
82 45
82 43
82 42
85 41
88 41
90 41
84 42
83 42
83 43
83 44
84 44
85 43
85 42
147 44
147 47
148 46
149 46
148 44
146 43
146 42
145 41
147 42
147 41
113 38
112 38
108 38
109 38
111 38
107 38
106 38
105 38
104 38
103 38
102 38
101 38
100 38
99 38
98 38
95 38
97 38
97 39
96 39
95 39
94 40
93 40
92 40
91 40
90 40
89 41
89 40
86 40
87 40
88 40
90 39
89 39
90 38
91 39
91 38
92 38
92 39
93 39
93 38
94 38
108 37
107 37
106 37
105 37
104 37
103 37
102 37
95 37
97 37
99 37
100 37
96 37
99 36
100 36
101 37
103 36
104 36
110 37
108 36
110 36
115 29
115 32
113 36
112 37
111 36
113 37
110 38
114 38
114 37
115 37
115 35
115 36
116 36
116 34
115 33
116 32
115 31
115 30
116 31
116 28
124 23
124 24
124 25
125 24
125 23
126 24
127 23
129 25
127 24
126 25
123 25
125 25
125 26
124 26
122 25
122 26
121 25
119 25
119 26
117 26
126 26
127 26
120 27
118 27
117 27
116 29
117 29
117 31
118 28
119 28
130 27
131 27
132 28
133 28
132 27
129 26
128 26
130 26
132 26
133 26
141 33
141 34
142 34
141 35
140 35
142 35
142 36
143 38
142 37
143 35
144 39
144 41
146 41
145 40
146 40
145 39
144 38
143 36
144 37
145 38
140 32
139 32
139 30
139 31
138 32
138 31
137 31
135 30
136 31
138 30
135 29
135 28
133 27
134 27
134 26
135 27
136 29
137 29
138 29
136 28
14.8492 89.8026
22.6274 90.5097
24.0416 96.8736
31.1127 103.945
37.4767 120.208
37.4767 121.622
21.2132 124.451
21.2132 128.693
23.3345 128.693
31.8198 123.744
36.7696 124.451
32.5269 143.543
24.0416 127.986
21.9203 127.986
32.5269 134.35
34.6482 134.35
43.1335 132.936
51.6188 135.765
51.6188 139.3
52.3259 140.714
53.7401 144.957
45.2548 136.472
46.669 125.158
55.1543 127.279
65.7609 137.179
67.1751 137.886
60.1041 138.593
53.033 144.25
58.6899 150.614
72.1249 150.614
73.5391 138.593
67.8823 132.229
48.7904 121.622
49.4975 142.128
49.4975 144.957
48.0833 149.2
45.2548 152.735
45.2548 149.2
45.2548 144.25
56.5685 156.271
63.6396 161.22
69.2965 158.392
65.7609 147.078
62.2254 142.128
78.4889 135.057
71.4178 123.037
70.0036 121.622
65.0538 122.329
75.6604 117.38
75.6604 110.309
73.5391 106.066
73.5391 96.8736
77.0746 85.5599
77.0746 77.7817
79.196 67.8823
89.8026 55.8614
103.945 55.1543
108.894 60.8112
108.894 66.468
94.7523 84.1457
92.631 82.7315
85.5599 77.0746
107.48 54.4472
103.238 79.196
92.631 98.2878
95.4594 109.602
99.7021 109.602
102.53 112.43
97.5807 118.794
96.8736 120.915
91.2168 130.108
91.9239 134.35
98.2878 140.714
98.9949 143.543
101.116 142.128
102.53 139.3
92.631 131.522
89.0955 120.208
97.5807 96.8736
118.087 106.773
107.48 84.1457
109.602 84.1457
120.208 82.7315
120.208 85.5599
114.551 94.7523
115.966 99.7021
120.915 102.53
116.673 114.551
106.773 118.087
106.773 113.137
116.673 91.2168
117.38 82.7315
120.208 67.8823
129.401 52.3259
129.401 43.1335
127.986 40.3051
121.622 40.3051
97.5807 50.9117
94.7523 64.3467
82.0244 57.2756
113.844 52.3259
123.037 54.4472
128.693 73.5391
130.815 90.5097
130.108 105.359
132.936 110.309
137.179 118.794
138.593 120.208
144.25 129.401
137.886 114.551
133.643 109.602
133.643 91.2168
136.472 85.5599
135.765 69.2965
133.643 62.2254
134.35 57.9828
136.472 56.5685
137.886 55.1543
138.593 43.1335
135.765 35.3553
111.723 68.5894
108.894 68.5894
102.53 71.4178
96.8736 86.267
89.8026 108.187
87.6812 105.359
87.6812 103.238
89.0955 87.6812
74.9533 68.5894
77.7817 60.1041
79.9031 55.1543
82.7315 54.4472
91.2168 55.1543
91.9239 75.6604
93.3381 96.8736
80.6102 120.915
78.4889 128.693
74.9533 146.371
87.6812 144.957
84.8528 129.401
91.9239 138.593
85.5599 140.714
113.844 135.765
114.551 121.622
108.894 125.865
94.7523 148.492
99.7021 147.078
108.187 140.007
113.137 134.35
115.966 125.158
115.966 123.037
126.572 109.602
135.057 105.359
123.037 92.631
120.208 108.187
124.451 119.501
127.279 119.501
135.765 123.744
142.836 113.137
135.765 91.2168
137.179 95.4594
137.886 77.0746
144.957 69.2965
137.886 62.9325
137.886 51.6188
104.652 63.6396
98.2878 62.9325
89.8026 67.1751
89.8026 70.7107
87.6812 78.4889
87.6812 89.0955
86.267 101.823
85.5599 104.652
77.0746 115.258
60.1041 120.208
48.7904 120.915
41.0122 120.915
39.598 110.309
36.0624 109.602
78.4889 87.6812
73.5391 87.6812
69.2965 77.7817
70.7107 74.9533
71.4178 65.0538
74.9533 60.1041
85.5599 53.7401
92.631 49.4975
106.066 46.669
118.087 48.7904
119.501 50.9117
120.208 59.397
124.451 68.5894
125.158 74.2462
125.865 77.0746
126.572 78.4889
97.5807 48.0833
100.409 45.9619
102.53 45.2548
119.501 43.8406
120.915 41.0122
123.037 35.3553
123.744 33.9411
125.865 33.234
130.815 38.1838
132.229 42.4264
133.643 44.5477
136.472 58.6899
140.007 67.8823
139.3 74.9533
137.886 91.9239
139.3 98.9949
141.421 107.48
141.421 103.238
142.836 96.8736
142.836 84.1457
143.543 68.5894
143.543 58.6899
140.714 46.669
138.593 84.1457
142.128 86.9741
142.128 77.7817
144.25 67.1751
143.543 89.8026
144.25 85.5599
125.865 74.9533
127.986 77.7817
127.986 81.3173
126.572 83.4386
125.158 86.9741
118.087 88.3883
110.309 89.8026
97.5807 96.1665
98.2878 91.2168
103.238 89.8026
106.066 89.8026
120.915 89.8026
124.451 80.6102
120.915 77.0746
109.602 76.3675
126.572 71.4178
113.137 57.9828
120.915 60.1041
122.329 60.1041
125.158 65.0538
113.844 67.1751
115.258 67.1751
115.258 69.2965
106.773 77.7817
105.359 79.196
94.0452 77.0746
86.267 84.8528
85.5599 87.6812
83.4386 89.8026
82.0244 91.9239
81.3173 93.3381
80.6102 94.7523
80.6102 101.823
81.3173 105.359
84.8528 106.773
92.631 112.43
97.5807 106.066
103.238 103.945
110.309 108.187
106.773 103.238
108.894 102.53
117.38 99.7021
128.693 97.5807
84.8528 108.187
103.945 99.7021
109.602 101.823
110.309 99.7021
108.187 98.2878
95.4594 58.6899
92.631 59.397
83.4386 63.6396
80.6102 66.468
71.4178 75.6604
71.4178 84.1457
72.832 103.238
75.6604 111.016
70.0036 125.158
61.5183 129.401
60.8112 129.401
54.4472 130.815
53.033 128.693
49.4975 125.865
46.669 126.572
43.1335 126.572
38.8909 127.279
21.9203 129.401
27.5772 122.329
38.8909 127.986
32.5269 106.066
26.8701 98.9949
26.163 93.3381
21.2132 86.267
17.6777 84.8528
17.6777 82.7315
19.799 82.0244
21.9203 82.0244
19.0919 84.1457
13.435 86.267
15.5563 87.6812
18.3848 91.2168
19.799 91.9239
18.3848 94.0452
19.0919 94.0452
19.799 91.2168
28.2843 91.2168
28.2843 95.4594
23.3345 96.1665
19.799 94.0452
24.7487 98.2878
30.4056 99.7021
29.6985 94.0452
31.1127 101.116
28.9914 102.53
26.8701 101.116
25.4558 101.116
27.5772 101.823
31.8198 110.309
23.3345 103.238
26.8701 104.652
28.9914 110.309
29.6985 111.723
32.5269 114.551
34.6482 113.137
33.234 115.966
31.1127 109.602
91.9239 128.693
90.5097 126.572
100.409 128.693
100.409 131.522
108.187 130.815
106.066 130.108
102.53 130.815
102.53 127.279
103.945 127.279
111.723 129.401
111.016 132.229
106.773 135.057
102.53 146.371
96.1665 148.492
89.8026 151.321
84.8528 150.614
84.8528 149.907
83.4386 149.907
83.4386 148.492
80.6102 149.2
80.6102 148.492
85.5599 142.128
85.5599 140.007
86.267 136.472
88.3883 127.986
84.8528 121.622
87.6812 116.673
85.5599 116.673
112.43 123.037
113.844 124.451
119.501 124.451
118.794 120.208
127.986 115.258
124.451 113.844
132.936 113.844
132.229 114.551
135.765 115.966
139.3 120.208
139.3 124.451
139.3 126.572
141.421 127.986
143.543 132.936
143.543 135.057
144.25 117.38
143.543 118.794
143.543 120.208
144.957 111.723
144.957 108.894
144.25 101.116
144.25 94.0452
144.25 90.5097
134.35 91.9239
113.844 70.7107
115.966 77.0746
115.966 73.5391
101.116 74.9533
98.2878 72.832
98.2878 72.1249
96.1665 70.7107
96.1665 67.8823
86.267 70.7107
79.9031 73.5391
85.5599 75.6604
84.1457 79.196
77.7817 82.7315
71.4178 68.5894
70.7107 68.5894
70.0036 69.2965
113.137 43.1335
111.723 43.1335
107.48 41.7193
91.2168 42.4264
89.0955 43.1335
85.5599 45.9619
79.9031 50.9117
88.3883 47.3762
88.3883 48.0833
111.016 44.5477
119.501 46.669
122.329 46.669
123.037 48.7904
127.279 49.4975
130.108 49.4975
131.522 50.2046
134.35 44.5477
134.35 38.8909
131.522 33.9411
130.815 31.8198
127.279 31.8198
129.401 33.9411
129.401 35.3553
124.451 57.2756
123.744 58.6899
116.673 58.6899
108.894 62.2254
108.894 64.3467
104.652 79.196
101.116 95.4594
100.409 96.8736
84.1457 95.4594
79.196 96.1665
77.0746 101.116
75.6604 106.773
73.5391 127.279
71.4178 135.057
70.7107 137.179
69.2965 144.25
69.2965 146.371
43.8406 154.149
48.7904 154.149
48.7904 156.271
52.3259 157.685
45.2548 156.271
50.2046 156.271
59.397 159.099
65.0538 162.635
68.5894 162.635
72.832 159.806
73.5391 154.149
73.5391 151.321
61.5183 154.149
59.397 152.735
59.397 149.907
64.3467 149.907
66.468 152.028
67.8823 154.149
72.832 150.614
70.7107 148.492
64.3467 149.2
60.8112 147.785
69.2965 137.886
74.9533 126.572
76.3675 122.329
71.4178 113.137
71.4178 111.016
72.832 105.359
70.7107 95.4594
70.7107 82.0244
71.4178 79.9031
68.5894 82.0244
68.5894 80.6102
77.0746 72.1249
89.0955 65.7609
106.066 57.2756
113.137 64.3467
121.622 75.6604
102.53 103.945
94.0452 115.966
91.2168 120.915
94.7523 123.037
103.945 112.43
123.744 103.238
125.865 98.2878
116.673 138.593
113.137 140.714
100.409 149.907
89.8026 149.907
91.2168 151.321
99.7021 151.321
106.066 146.371
113.137 142.128
115.966 137.179
106.066 147.785
90.5097 149.907
90.5097 154.149
96.8736 152.028
100.409 152.028
105.359 149.2
108.187 147.785
111.016 143.543
115.258 135.765
117.38 129.401
120.208 127.986
133.643 76.3675
125.158 64.3467
127.279 60.1041
127.986 58.6899
139.3 57.9828
140.007 59.397
140.007 60.8112
111.016 79.196
89.0955 89.8026
89.0955 90.5097
89.0955 91.2168
101.823 83.4386
102.53 83.4386
91.9239 92.631
67.1751 89.0955
75.6604 93.3381
76.3675 94.7523
65.0538 72.832
69.2965 65.7609
70.0036 63.6396
70.0036 60.8112
79.196 55.1543
103.238 49.4975
122.329 45.2548
126.572 39.598
140.714 43.1335
135.057 50.2046
125.158 91.2168
118.794 98.9949
115.258 105.359
106.773 117.38
103.945 120.915
102.53 120.915
103.945 118.087
106.773 116.673
111.016 116.673
118.087 118.794
126.572 122.329
119.501 121.622
80.6102 132.229
79.196 136.472
36.7696 131.522
30.4056 129.401
27.5772 132.229
26.8701 132.229
26.8701 129.401
31.1127 128.693
35.3553 125.158
31.1127 127.986
25.4558 125.158
25.4558 135.057
36.0624 135.057
38.1838 139.3
38.8909 141.421
38.8909 140.714
38.1838 136.472
39.598 137.886
44.5477 142.128
43.8406 140.714
52.3259 137.179
82.0244 113.137
68.5894 114.551
84.1457 108.894
83.4386 111.016
83.4386 111.723
78.4889 140.714
54.4472 148.492
54.4472 149.907
60.1041 133.643
57.9828 132.936
54.4472 132.229
84.1457 142.836
85.5599 143.543
103.945 135.057
117.38 111.723
121.622 101.823
121.622 96.8736
41.7193 123.037
106.066 110.309
106.066 102.53
99.7021 88.3883
115.258 79.9031
127.986 67.1751
132.936 67.1751
127.986 64.3467
144.25 61.5183
145.664 62.2254
145.664 67.1751
145.664 68.5894
147.078 80.6102
146.371 82.7315
145.664 82.0244
146.371 77.0746
146.371 73.5391
146.371 71.4178
147.078 72.832
143.543 76.3675
144.25 80.6102
142.128 80.6102
127.279 77.7817
131.522 70.0036
133.643 47.3762
140.007 51.6188
141.421 50.9117
141.421 48.7904
144.25 50.2046
144.957 52.3259
142.836 53.7401
141.421 50.2046
141.421 47.3762
124.451 28.9914
123.037 28.9914
121.622 31.8198
123.037 31.1127
122.329 32.5269
120.915 35.3553
119.501 37.4767
118.087 38.1838
105.359 45.9619
99.7021 48.0833
91.9239 54.4472
92.631 54.4472
95.4594 54.4472
96.8736 58.6899
98.9949 60.1041
101.823 55.1543
85.5599 58.6899
85.5599 57.2756
130.815 36.0624
116.673 46.669
98.9949 48.0833
96.1665 51.6188
85.5599 55.8614
84.8528 57.2756
86.267 50.9117
89.8026 49.4975
122.329 60.8112
108.894 67.1751
93.3381 74.2462
94.7523 103.945
93.3381 101.823
95.4594 100.409
100.409 98.9949
95.4594 94.7523
108.894 72.832
110.309 72.1249
111.016 68.5894
107.48 64.3467
108.187 54.4472
110.309 51.6188
132.936 103.945
132.936 101.823
134.35 99.7021
133.643 89.0955
132.936 86.267
132.229 82.7315
132.229 82.0244
82.0244 101.116
38.1838 105.359
33.9411 102.53
33.234 100.409
25.4558 102.53
21.2132 99.7021
19.0919 97.5807
19.0919 87.6812
21.2132 87.6812
23.3345 88.3883
26.163 90.5097
26.8701 92.631
22.6274 98.9949
21.9203 103.238
24.7487 105.359
26.163 106.066
31.8198 113.844
34.6482 115.258
34.6482 116.673
33.9411 120.208
31.1127 120.208
25.4558 118.794
27.5772 118.794
29.6985 118.794
31.8198 120.208
33.234 121.622
34.6482 121.622
37.4767 117.38
40.3051 113.844
43.1335 115.258
51.6188 121.622
63.6396 126.572
60.8112 124.451
57.9828 123.037
55.8614 123.037
53.033 131.522
44.5477 135.765
48.0833 130.108
49.4975 129.401
50.9117 129.401
46.669 130.108
47.3762 130.108
41.7193 129.401
33.234 129.401
62.2254 134.35
63.6396 138.593
60.8112 141.421
54.4472 140.714
66.468 136.472
88.3883 142.128
90.5097 142.128
93.3381 142.128
94.7523 142.128
94.0452 142.836
96.1665 142.836
96.1665 138.593
96.1665 135.057
94.0452 135.057
92.631 134.35
86.9741 133.643
84.1457 132.229
82.7315 126.572
82.7315 124.451
66.468 118.087
69.2965 117.38
71.4178 116.673
72.1249 117.38
70.0036 117.38
70.0036 116.673
72.832 118.087
87.6812 93.3381
95.4594 91.9239
94.7523 87.6812
94.0452 86.9741
96.1665 79.196
99.7021 81.3173
96.8736 81.3173
97.5807 80.6102
97.5807 79.196
101.116 68.5894
101.823 66.468
103.945 66.468
104.652 67.8823
102.53 66.468
101.116 66.468
91.9239 61.5183
89.0955 60.8112
101.823 101.116
71.4178 90.5097
67.1751 81.3173
67.8823 82.7315
65.0538 79.196
64.3467 78.4889
64.3467 75.6604
65.7609 74.2462
66.468 74.2462
77.7817 81.3173
103.945 95.4594
105.359 95.4594
105.359 94.0452
108.187 89.8026
109.602 88.3883
112.43 84.8528
114.551 83.4386
115.258 84.8528
111.016 84.8528
111.016 87.6812
109.602 89.0955
103.945 91.9239
103.945 93.3381
107.48 89.8026
111.723 85.5599
113.137 84.8528
122.329 69.2965
131.522 47.3762
127.279 46.669
110.309 41.7193
104.652 41.7193
102.53 41.7193
99.7021 41.7193
93.3381 45.9619
96.1665 43.1335
97.5807 43.1335
98.9949 41.0122
98.2878 40.3051
94.7523 41.7193
93.3381 43.8406
85.5599 48.7904
82.0244 50.2046
64.3467 57.9828
74.2462 55.8614
73.5391 57.2756
74.2462 70.7107
75.6604 79.9031
79.9031 90.5097
82.7315 93.3381
93.3381 103.238
98.2878 99.7021
102.53 94.0452
123.037 94.0452
124.451 94.7523
125.865 103.945
122.329 126.572
120.208 132.229
115.966 132.936
118.087 135.057
119.501 135.057
143.543 121.622
143.543 122.329
