118	7
119	7
120	7
121	7
118	8
119	8
120	8
121	8
113	9
114	9
115	9
116	9
117	9
118	9
119	9
120	9
121	9
122	9
123	9
124	9
111	10
112	10
113	10
114	10
115	10
116	10
117	10
118	10
119	10
120	10
121	10
122	10
123	10
124	10
125	10
126	10
127	10
128	10
111	11
112	11
113	11
114	11
124	11
125	11
126	11
127	11
128	11
129	11
110	12
111	12
112	12
113	12
126	12
127	12
128	12
129	12
130	12
109	13
110	13
111	13
129	13
130	13
131	13
132	13
109	14
110	14
111	14
129	14
130	14
131	14
132	14
133	14
109	15
110	15
111	15
130	15
131	15
132	15
133	15
109	16
110	16
111	16
132	16
133	16
134	16
109	17
110	17
133	17
134	17
135	17
136	17
109	18
110	18
134	18
135	18
136	18
109	19
110	19
134	19
135	19
136	19
137	19
93	20
94	20
96	20
97	20
98	20
99	20
100	20
101	20
102	20
103	20
104	20
105	20
106	20
107	20
108	20
109	20
110	20
135	20
136	20
137	20
89	21
90	21
91	21
92	21
93	21
94	21
95	21
96	21
97	21
98	21
99	21
100	21
101	21
102	21
103	21
104	21
105	21
106	21
107	21
108	21
109	21
136	21
137	21
138	21
84	22
85	22
86	22
87	22
88	22
89	22
90	22
91	22
92	22
93	22
94	22
95	22
96	22
97	22
98	22
99	22
100	22
101	22
102	22
103	22
104	22
105	22
106	22
107	22
108	22
137	22
138	22
139	22
83	23
84	23
85	23
86	23
87	23
88	23
89	23
90	23
91	23
93	23
137	23
138	23
139	23
80	24
81	24
82	24
83	24
84	24
85	24
86	24
87	24
88	24
138	24
139	24
140	24
79	25
80	25
81	25
82	25
83	25
84	25
138	25
139	25
140	25
141	25
76	26
77	26
78	26
79	26
80	26
81	26
139	26
140	26
141	26
75	27
76	27
77	27
78	27
79	27
139	27
140	27
141	27
73	28
74	28
75	28
76	28
77	28
78	28
140	28
141	28
142	28
72	29
73	29
74	29
75	29
76	29
77	29
141	29
142	29
70	30
71	30
72	30
73	30
74	30
75	30
141	30
142	30
143	30
69	31
70	31
71	31
72	31
73	31
141	31
142	31
143	31
67	32
68	32
69	32
70	32
71	32
141	32
142	32
143	32
67	33
68	33
69	33
142	33
143	33
66	34
67	34
68	34
142	34
143	34
65	35
66	35
67	35
142	35
143	35
144	35
145	35
64	36
65	36
66	36
67	36
142	36
143	36
144	36
145	36
63	37
64	37
65	37
142	37
143	37
144	37
145	37
62	38
63	38
64	38
65	38
143	38
144	38
145	38
62	39
63	39
64	39
143	39
144	39
145	39
61	40
62	40
63	40
143	40
144	40
145	40
60	41
61	41
62	41
63	41
143	41
144	41
145	41
60	42
61	42
62	42
143	42
144	42
145	42
59	43
60	43
61	43
143	43
144	43
145	43
59	44
60	44
61	44
142	44
143	44
144	44
145	44
58	45
59	45
60	45
143	45
144	45
145	45
57	46
58	46
59	46
60	46
143	46
144	46
145	46
57	47
58	47
59	47
143	47
144	47
145	47
56	48
57	48
58	48
143	48
144	48
145	48
56	49
57	49
58	49
143	49
144	49
145	49
56	50
57	50
58	50
143	50
144	50
145	50
55	51
56	51
57	51
143	51
144	51
145	51
55	52
56	52
57	52
143	52
144	52
145	52
55	53
56	53
57	53
143	53
144	53
145	53
55	54
56	54
57	54
143	54
144	54
145	54
54	55
55	55
56	55
143	55
144	55
145	55
54	56
55	56
56	56
143	56
144	56
145	56
55	57
143	57
144	57
145	57
55	58
143	58
144	58
145	58
55	59
143	59
144	59
145	59
55	60
143	60
144	60
145	60
55	61
144	61
145	61
10	62
11	62
12	62
13	62
14	62
15	62
16	62
17	62
55	62
144	62
145	62
7	63
8	63
9	63
10	63
11	63
12	63
13	63
14	63
15	63
16	63
17	63
18	63
19	63
20	63
55	63
144	63
145	63
6	64
7	64
8	64
9	64
10	64
11	64
13	64
14	64
17	64
18	64
19	64
20	64
21	64
55	64
56	64
144	64
145	64
5	65
6	65
7	65
8	65
9	65
19	65
20	65
21	65
22	65
54	65
55	65
56	65
144	65
145	65
4	66
5	66
6	66
7	66
20	66
21	66
22	66
55	66
56	66
144	66
145	66
3	67
4	67
5	67
6	67
21	67
22	67
23	67
55	67
56	67
144	67
145	67
3	68
4	68
5	68
22	68
23	68
24	68
55	68
56	68
144	68
145	68
2	69
3	69
4	69
5	69
23	69
24	69
56	69
57	69
144	69
145	69
2	70
3	70
24	70
25	70
56	70
57	70
144	70
145	70
2	71
3	71
4	71
25	71
26	71
27	71
56	71
57	71
144	71
145	71
2	72
3	72
4	72
25	72
26	72
27	72
56	72
57	72
143	72
144	72
145	72
2	73
3	73
26	73
27	73
56	73
57	73
143	73
144	73
145	73
2	74
3	74
4	74
5	74
26	74
27	74
28	74
56	74
57	74
142	74
143	74
144	74
145	74
2	75
3	75
4	75
5	75
27	75
28	75
56	75
57	75
58	75
142	75
143	75
144	75
145	75
3	76
4	76
5	76
27	76
28	76
57	76
58	76
143	76
144	76
145	76
3	77
4	77
5	77
6	77
27	77
28	77
29	77
57	77
58	77
142	77
143	77
144	77
145	77
4	78
5	78
6	78
28	78
29	78
57	78
58	78
143	78
144	78
145	78
4	79
5	79
6	79
28	79
29	79
30	79
57	79
58	79
59	79
143	79
144	79
145	79
5	80
6	80
7	80
28	80
29	80
30	80
58	80
59	80
143	80
144	80
145	80
6	81
7	81
29	81
30	81
58	81
59	81
143	81
144	81
145	81
6	82
7	82
8	82
9	82
29	82
30	82
31	82
58	82
59	82
60	82
143	82
144	82
145	82
7	83
8	83
9	83
30	83
31	83
32	83
58	83
59	83
60	83
143	83
144	83
145	83
7	84
8	84
9	84
10	84
30	84
31	84
32	84
58	84
59	84
60	84
143	84
144	84
145	84
8	85
9	85
10	85
31	85
32	85
58	85
59	85
60	85
143	85
144	85
145	85
9	86
10	86
11	86
31	86
32	86
33	86
59	86
60	86
61	86
143	86
144	86
145	86
10	87
11	87
31	87
32	87
33	87
59	87
60	87
61	87
143	87
144	87
145	87
10	88
11	88
32	88
33	88
59	88
60	88
61	88
144	88
145	88
10	89
11	89
12	89
13	89
32	89
33	89
34	89
59	89
60	89
61	89
143	89
144	89
145	89
11	90
12	90
13	90
33	90
34	90
59	90
60	90
61	90
143	90
144	90
145	90
12	91
13	91
34	91
35	91
59	91
60	91
143	91
144	91
145	91
12	92
13	92
14	92
15	92
34	92
35	92
59	92
60	92
143	92
144	92
145	92
13	93
14	93
15	93
34	93
35	93
58	93
59	93
60	93
143	93
144	93
145	93
13	94
14	94
15	94
16	94
34	94
35	94
36	94
37	94
58	94
59	94
144	94
145	94
15	95
16	95
17	95
35	95
36	95
37	95
58	95
144	95
145	95
15	96
16	96
17	96
36	96
37	96
56	96
57	96
58	96
143	96
144	96
145	96
15	97
16	97
17	97
18	97
36	97
37	97
38	97
56	97
57	97
58	97
143	97
144	97
145	97
16	98
17	98
18	98
37	98
38	98
56	98
57	98
58	98
142	98
143	98
144	98
145	98
17	99
18	99
37	99
38	99
39	99
56	99
57	99
142	99
143	99
144	99
145	99
17	100
18	100
19	100
38	100
39	100
40	100
55	100
56	100
57	100
142	100
143	100
144	100
145	100
18	101
19	101
38	101
39	101
40	101
55	101
56	101
57	101
142	101
143	101
144	101
145	101
12	102
13	102
14	102
15	102
16	102
17	102
19	102
39	102
40	102
55	102
56	102
57	102
142	102
143	102
144	102
145	102
11	103
12	103
13	103
14	103
15	103
16	103
17	103
18	103
40	103
41	103
53	103
54	103
55	103
56	103
143	103
144	103
145	103
8	104
9	104
10	104
11	104
12	104
13	104
14	104
15	104
16	104
17	104
40	104
41	104
42	104
51	104
52	104
53	104
54	104
55	104
143	104
144	104
145	104
7	105
8	105
9	105
10	105
11	105
40	105
41	105
42	105
50	105
51	105
52	105
53	105
54	105
143	105
144	105
145	105
7	106
8	106
9	106
41	106
42	106
43	106
44	106
45	106
46	106
47	106
48	106
49	106
50	106
51	106
52	106
53	106
143	106
144	106
145	106
7	107
8	107
42	107
43	107
44	107
45	107
46	107
47	107
48	107
49	107
50	107
51	107
143	107
144	107
145	107
6	108
7	108
8	108
42	108
43	108
44	108
45	108
46	108
47	108
48	108
49	108
143	108
144	108
145	108
6	109
7	109
45	109
46	109
143	109
144	109
145	109
6	110
7	110
143	110
144	110
145	110
5	111
6	111
7	111
143	111
144	111
145	111
5	112
6	112
7	112
124	112
125	112
143	112
144	112
145	112
6	113
7	113
123	113
124	113
125	113
126	113
127	113
128	113
144	113
145	113
6	114
7	114
122	114
123	114
124	114
125	114
126	114
127	114
128	114
129	114
130	114
131	114
143	114
144	114
145	114
6	115
7	115
120	115
121	115
122	115
123	115
127	115
128	115
129	115
130	115
131	115
143	115
144	115
145	115
6	116
7	116
8	116
120	116
121	116
122	116
123	116
130	116
131	116
132	116
143	116
144	116
145	116
7	117
8	117
9	117
120	117
121	117
122	117
130	117
131	117
132	117
143	117
144	117
145	117
7	118
8	118
9	118
120	118
121	118
122	118
130	118
131	118
132	118
143	118
8	119
9	119
10	119
120	119
121	119
122	119
130	119
131	119
132	119
133	119
143	119
9	120
10	120
11	120
12	120
13	120
119	120
120	120
121	120
131	120
132	120
133	120
143	120
10	121
11	121
12	121
13	121
14	121
15	121
16	121
119	121
120	121
121	121
131	121
132	121
133	121
134	121
142	121
143	121
12	122
13	122
14	122
15	122
16	122
17	122
18	122
119	122
120	122
132	122
133	122
134	122
142	122
143	122
14	123
15	123
16	123
17	123
18	123
19	123
20	123
21	123
119	123
120	123
132	123
133	123
134	123
135	123
142	123
143	123
16	124
17	124
18	124
19	124
20	124
21	124
22	124
23	124
24	124
25	124
118	124
119	124
120	124
132	124
133	124
134	124
135	124
136	124
142	124
143	124
20	125
21	125
22	125
23	125
24	125
25	125
26	125
117	125
118	125
119	125
133	125
134	125
135	125
136	125
142	125
143	125
23	126
24	126
25	126
26	126
27	126
28	126
29	126
117	126
118	126
119	126
134	126
135	126
136	126
137	126
138	126
139	126
142	126
143	126
26	127
27	127
28	127
29	127
30	127
116	127
117	127
118	127
119	127
135	127
136	127
137	127
138	127
139	127
140	127
141	127
142	127
143	127
29	128
30	128
31	128
115	128
116	128
117	128
118	128
137	128
138	128
139	128
140	128
141	128
142	128
143	128
30	129
31	129
114	129
115	129
116	129
117	129
139	129
140	129
141	129
142	129
143	129
30	130
31	130
114	130
115	130
116	130
30	131
31	131
112	131
113	131
114	131
115	131
116	131
30	132
31	132
32	132
112	132
113	132
114	132
115	132
30	133
31	133
32	133
33	133
110	133
111	133
112	133
113	133
30	134
31	134
32	134
33	134
109	134
110	134
111	134
112	134
31	135
32	135
33	135
109	135
110	135
111	135
112	135
31	136
32	136
33	136
106	136
107	136
108	136
109	136
110	136
111	136
31	137
32	137
33	137
105	137
106	137
107	137
108	137
109	137
31	138
32	138
33	138
103	138
104	138
105	138
106	138
107	138
108	138
32	139
33	139
102	139
103	139
104	139
105	139
106	139
32	140
33	140
101	140
102	140
103	140
104	140
32	141
33	141
34	141
75	141
76	141
77	141
99	141
100	141
101	141
102	141
103	141
33	142
34	142
35	142
74	142
75	142
76	142
77	142
78	142
79	142
80	142
95	142
96	142
97	142
98	142
99	142
100	142
101	142
102	142
33	143
34	143
35	143
36	143
73	143
74	143
75	143
76	143
77	143
78	143
79	143
80	143
81	143
82	143
83	143
89	143
90	143
91	143
92	143
93	143
94	143
95	143
96	143
97	143
98	143
99	143
100	143
34	144
35	144
36	144
72	144
73	144
74	144
79	144
80	144
81	144
82	144
83	144
84	144
85	144
86	144
87	144
88	144
89	144
90	144
91	144
92	144
93	144
94	144
95	144
96	144
34	145
35	145
36	145
37	145
71	145
72	145
73	145
80	145
81	145
82	145
83	145
84	145
85	145
86	145
87	145
88	145
89	145
90	145
91	145
92	145
93	145
94	145
35	146
36	146
37	146
38	146
39	146
40	146
41	146
42	146
43	146
44	146
45	146
71	146
72	146
73	146
82	146
83	146
84	146
85	146
86	146
87	146
88	146
89	146
90	146
91	146
92	146
93	146
37	147
38	147
39	147
40	147
41	147
42	147
43	147
44	147
45	147
46	147
47	147
70	147
71	147
72	147
38	148
39	148
40	148
41	148
42	148
43	148
44	148
45	148
46	148
47	148
48	148
49	148
50	148
51	148
52	148
53	148
54	148
69	148
70	148
71	148
72	148
47	149
48	149
49	149
50	149
51	149
52	149
53	149
54	149
55	149
56	149
68	149
69	149
70	149
71	149
51	150
52	150
53	150
54	150
55	150
56	150
57	150
58	150
64	150
67	150
68	150
69	150
70	150
71	150
55	151
56	151
57	151
58	151
59	151
60	151
61	151
62	151
63	151
64	151
65	151
66	151
67	151
68	151
69	151
70	151
57	152
58	152
59	152
60	152
61	152
62	152
63	152
64	152
65	152
66	152
67	152
68	152
60	153
61	153
62	153
63	153
64	153
65	153
66	153