163	61
164	61
165	61
166	61
167	61
168	61
169	61
170	61
171	61
172	61
173	61
174	61
175	61
176	61
177	61
178	61
179	61
162	62
163	62
164	62
165	62
166	62
167	62
168	62
169	62
170	62
171	62
172	62
173	62
174	62
175	62
176	62
177	62
178	62
179	62
180	62
181	62
182	62
183	62
184	62
185	62
161	63
162	63
163	63
164	63
165	63
166	63
167	63
168	63
169	63
170	63
171	63
172	63
173	63
174	63
175	63
176	63
177	63
178	63
179	63
180	63
181	63
182	63
183	63
184	63
185	63
186	63
187	63
188	63
189	63
190	63
150	64
151	64
152	64
153	64
154	64
155	64
156	64
157	64
158	64
159	64
160	64
161	64
162	64
163	64
164	64
165	64
166	64
167	64
168	64
169	64
170	64
171	64
172	64
173	64
174	64
175	64
176	64
177	64
178	64
179	64
180	64
181	64
182	64
183	64
184	64
185	64
186	64
187	64
188	64
189	64
190	64
191	64
148	65
149	65
150	65
151	65
152	65
153	65
154	65
155	65
156	65
157	65
158	65
159	65
160	65
161	65
162	65
163	65
164	65
165	65
166	65
167	65
168	65
169	65
170	65
171	65
172	65
173	65
174	65
175	65
176	65
177	65
178	65
179	65
180	65
181	65
182	65
183	65
184	65
185	65
186	65
187	65
188	65
189	65
190	65
191	65
192	65
147	66
148	66
149	66
150	66
151	66
152	66
153	66
154	66
155	66
156	66
157	66
158	66
159	66
160	66
161	66
162	66
163	66
164	66
165	66
166	66
167	66
168	66
169	66
170	66
171	66
172	66
173	66
174	66
175	66
176	66
177	66
178	66
179	66
180	66
181	66
182	66
183	66
184	66
185	66
186	66
187	66
188	66
189	66
190	66
191	66
192	66
193	66
146	67
147	67
148	67
149	67
150	67
151	67
152	67
153	67
154	67
155	67
156	67
157	67
158	67
159	67
160	67
161	67
162	67
163	67
164	67
165	67
166	67
167	67
168	67
169	67
170	67
171	67
172	67
173	67
174	67
175	67
176	67
177	67
178	67
179	67
180	67
181	67
182	67
183	67
184	67
185	67
186	67
187	67
188	67
189	67
190	67
191	67
192	67
193	67
146	68
147	68
148	68
149	68
150	68
151	68
152	68
153	68
154	68
155	68
156	68
157	68
158	68
159	68
160	68
161	68
162	68
163	68
164	68
165	68
166	68
167	68
168	68
169	68
170	68
171	68
172	68
173	68
174	68
175	68
176	68
177	68
178	68
179	68
180	68
181	68
182	68
183	68
184	68
185	68
186	68
187	68
188	68
189	68
190	68
191	68
192	68
193	68
194	68
146	69
147	69
148	69
149	69
150	69
151	69
152	69
153	69
154	69
155	69
156	69
157	69
158	69
159	69
160	69
161	69
162	69
163	69
164	69
165	69
166	69
167	69
168	69
169	69
170	69
171	69
172	69
173	69
174	69
175	69
176	69
177	69
178	69
179	69
180	69
181	69
182	69
183	69
184	69
185	69
186	69
187	69
188	69
189	69
190	69
191	69
192	69
193	69
194	69
145	70
146	70
147	70
148	70
149	70
150	70
151	70
152	70
153	70
154	70
155	70
156	70
157	70
158	70
159	70
160	70
161	70
162	70
163	70
164	70
165	70
166	70
167	70
168	70
169	70
170	70
171	70
172	70
173	70
174	70
175	70
176	70
177	70
178	70
179	70
180	70
181	70
182	70
183	70
184	70
185	70
186	70
187	70
188	70
189	70
190	70
191	70
192	70
193	70
194	70
145	71
146	71
147	71
148	71
149	71
150	71
151	71
152	71
153	71
154	71
155	71
156	71
157	71
158	71
159	71
160	71
161	71
162	71
163	71
164	71
165	71
166	71
167	71
168	71
169	71
170	71
171	71
172	71
173	71
174	71
175	71
176	71
177	71
178	71
179	71
180	71
181	71
182	71
183	71
184	71
185	71
186	71
187	71
188	71
189	71
190	71
191	71
192	71
193	71
145	72
146	72
147	72
148	72
149	72
150	72
151	72
152	72
153	72
154	72
155	72
156	72
157	72
158	72
159	72
160	72
161	72
162	72
163	72
164	72
165	72
166	72
167	72
168	72
169	72
170	72
171	72
172	72
173	72
174	72
175	72
176	72
177	72
178	72
179	72
180	72
181	72
182	72
183	72
184	72
185	72
186	72
187	72
188	72
189	72
190	72
191	72
192	72
193	72
104	73
105	73
106	73
145	73
146	73
147	73
148	73
149	73
150	73
151	73
152	73
153	73
154	73
155	73
156	73
157	73
158	73
159	73
160	73
161	73
162	73
163	73
164	73
165	73
166	73
167	73
168	73
169	73
170	73
171	73
172	73
173	73
174	73
175	73
176	73
177	73
178	73
179	73
180	73
181	73
182	73
183	73
184	73
185	73
186	73
187	73
188	73
189	73
190	73
191	73
192	73
193	73
194	73
95	74
96	74
97	74
98	74
99	74
100	74
101	74
102	74
103	74
104	74
105	74
106	74
107	74
108	74
109	74
144	74
145	74
146	74
147	74
148	74
149	74
150	74
151	74
152	74
153	74
154	74
155	74
156	74
157	74
158	74
159	74
160	74
161	74
162	74
163	74
164	74
165	74
166	74
167	74
168	74
169	74
170	74
171	74
172	74
173	74
174	74
175	74
176	74
177	74
178	74
179	74
180	74
181	74
182	74
183	74
184	74
185	74
186	74
187	74
188	74
189	74
190	74
191	74
192	74
193	74
194	74
195	74
93	75
94	75
95	75
96	75
97	75
98	75
99	75
100	75
101	75
102	75
103	75
104	75
105	75
106	75
107	75
108	75
109	75
110	75
144	75
145	75
146	75
147	75
148	75
149	75
150	75
151	75
152	75
153	75
154	75
155	75
156	75
157	75
158	75
159	75
160	75
161	75
162	75
163	75
164	75
165	75
166	75
167	75
168	75
169	75
170	75
171	75
172	75
173	75
174	75
175	75
176	75
177	75
178	75
179	75
180	75
181	75
182	75
183	75
184	75
185	75
186	75
187	75
188	75
189	75
190	75
191	75
192	75
193	75
194	75
195	75
196	75
91	76
92	76
93	76
94	76
95	76
96	76
97	76
98	76
99	76
100	76
101	76
102	76
103	76
104	76
105	76
106	76
107	76
108	76
109	76
110	76
111	76
143	76
144	76
145	76
146	76
147	76
148	76
149	76
150	76
151	76
152	76
153	76
154	76
155	76
156	76
157	76
158	76
159	76
160	76
161	76
162	76
163	76
164	76
165	76
166	76
167	76
168	76
169	76
170	76
171	76
172	76
173	76
174	76
175	76
176	76
177	76
178	76
179	76
180	76
181	76
182	76
183	76
184	76
185	76
186	76
187	76
188	76
189	76
190	76
191	76
192	76
193	76
194	76
195	76
196	76
197	76
90	77
91	77
92	77
93	77
94	77
95	77
96	77
97	77
98	77
99	77
100	77
101	77
102	77
103	77
104	77
105	77
106	77
107	77
108	77
109	77
110	77
111	77
112	77
140	77
141	77
142	77
143	77
144	77
145	77
146	77
147	77
148	77
149	77
150	77
151	77
152	77
153	77
154	77
155	77
156	77
157	77
158	77
159	77
160	77
161	77
162	77
163	77
164	77
165	77
166	77
167	77
168	77
169	77
170	77
171	77
172	77
173	77
174	77
175	77
176	77
177	77
178	77
179	77
180	77
181	77
182	77
183	77
184	77
185	77
186	77
187	77
188	77
189	77
190	77
191	77
192	77
193	77
194	77
195	77
196	77
197	77
198	77
199	77
88	78
89	78
90	78
91	78
92	78
93	78
94	78
95	78
96	78
97	78
98	78
99	78
100	78
101	78
102	78
103	78
104	78
105	78
106	78
107	78
108	78
109	78
110	78
111	78
112	78
113	78
138	78
139	78
140	78
141	78
142	78
143	78
144	78
145	78
146	78
147	78
148	78
149	78
150	78
151	78
152	78
153	78
154	78
155	78
156	78
157	78
158	78
159	78
160	78
161	78
162	78
163	78
164	78
165	78
166	78
167	78
168	78
169	78
170	78
171	78
172	78
173	78
174	78
175	78
176	78
177	78
178	78
179	78
180	78
181	78
182	78
183	78
184	78
185	78
186	78
187	78
188	78
189	78
190	78
191	78
192	78
193	78
194	78
195	78
196	78
197	78
198	78
199	78
200	78
201	78
202	78
203	78
87	79
88	79
89	79
90	79
91	79
92	79
93	79
94	79
95	79
96	79
97	79
98	79
99	79
100	79
101	79
102	79
103	79
104	79
105	79
106	79
107	79
108	79
109	79
110	79
111	79
112	79
113	79
136	79
137	79
138	79
139	79
140	79
141	79
142	79
143	79
144	79
145	79
146	79
147	79
148	79
149	79
150	79
151	79
152	79
153	79
154	79
155	79
156	79
157	79
158	79
159	79
160	79
161	79
162	79
163	79
164	79
165	79
166	79
167	79
168	79
169	79
170	79
171	79
172	79
173	79
174	79
175	79
176	79
177	79
178	79
179	79
180	79
181	79
182	79
183	79
184	79
185	79
186	79
187	79
188	79
189	79
190	79
191	79
192	79
193	79
194	79
195	79
196	79
197	79
198	79
199	79
200	79
201	79
202	79
203	79
204	79
205	79
86	80
87	80
88	80
89	80
90	80
91	80
92	80
93	80
94	80
95	80
96	80
97	80
98	80
99	80
100	80
101	80
102	80
103	80
104	80
105	80
106	80
107	80
108	80
109	80
110	80
111	80
112	80
113	80
130	80
131	80
132	80
133	80
134	80
135	80
136	80
137	80
138	80
139	80
140	80
141	80
142	80
143	80
144	80
145	80
146	80
147	80
148	80
149	80
150	80
151	80
152	80
153	80
154	80
155	80
156	80
157	80
158	80
159	80
160	80
161	80
162	80
163	80
164	80
165	80
166	80
167	80
168	80
169	80
170	80
171	80
172	80
173	80
174	80
175	80
176	80
177	80
178	80
179	80
180	80
181	80
182	80
183	80
184	80
185	80
186	80
187	80
188	80
189	80
190	80
191	80
192	80
193	80
194	80
195	80
196	80
197	80
198	80
199	80
200	80
201	80
202	80
203	80
204	80
205	80
206	80
85	81
86	81
87	81
88	81
89	81
90	81
91	81
92	81
93	81
94	81
95	81
96	81
97	81
98	81
99	81
100	81
101	81
102	81
103	81
104	81
105	81
106	81
107	81
108	81
109	81
110	81
111	81
112	81
113	81
114	81
127	81
128	81
129	81
130	81
131	81
132	81
133	81
134	81
135	81
136	81
137	81
138	81
139	81
140	81
141	81
142	81
143	81
144	81
145	81
146	81
147	81
148	81
149	81
150	81
151	81
152	81
153	81
154	81
155	81
156	81
157	81
158	81
159	81
160	81
161	81
162	81
163	81
164	81
165	81
166	81
167	81
168	81
169	81
170	81
171	81
172	81
173	81
174	81
175	81
176	81
177	81
178	81
179	81
180	81
181	81
182	81
183	81
184	81
185	81
186	81
187	81
188	81
189	81
190	81
191	81
192	81
193	81
194	81
195	81
196	81
197	81
198	81
199	81
200	81
201	81
202	81
203	81
204	81
205	81
206	81
84	82
85	82
86	82
87	82
88	82
89	82
90	82
91	82
92	82
93	82
94	82
95	82
96	82
97	82
98	82
99	82
100	82
101	82
102	82
103	82
104	82
105	82
106	82
107	82
108	82
109	82
110	82
111	82
112	82
113	82
114	82
123	82
124	82
125	82
126	82
127	82
128	82
129	82
130	82
131	82
132	82
133	82
134	82
135	82
136	82
137	82
138	82
139	82
140	82
141	82
142	82
143	82
144	82
145	82
146	82
147	82
148	82
149	82
150	82
151	82
152	82
153	82
154	82
155	82
156	82
157	82
158	82
159	82
160	82
161	82
162	82
163	82
164	82
165	82
166	82
167	82
168	82
169	82
170	82
171	82
172	82
173	82
174	82
175	82
176	82
177	82
178	82
179	82
180	82
181	82
182	82
183	82
184	82
185	82
186	82
187	82
188	82
189	82
190	82
191	82
192	82
193	82
194	82
195	82
196	82
197	82
198	82
199	82
200	82
201	82
202	82
203	82
204	82
205	82
206	82
207	82
84	83
85	83
86	83
87	83
88	83
89	83
90	83
91	83
92	83
93	83
94	83
95	83
96	83
97	83
98	83
99	83
100	83
101	83
102	83
103	83
104	83
105	83
106	83
107	83
108	83
109	83
110	83
111	83
112	83
113	83
114	83
121	83
122	83
123	83
124	83
125	83
126	83
127	83
128	83
129	83
130	83
131	83
132	83
133	83
134	83
135	83
136	83
137	83
138	83
139	83
140	83
141	83
142	83
143	83
144	83
145	83
146	83
147	83
148	83
149	83
150	83
151	83
152	83
153	83
154	83
155	83
156	83
157	83
158	83
159	83
160	83
161	83
162	83
163	83
164	83
165	83
166	83
167	83
168	83
169	83
170	83
171	83
172	83
173	83
174	83
175	83
176	83
177	83
178	83
179	83
180	83
181	83
182	83
183	83
184	83
185	83
186	83
187	83
188	83
189	83
190	83
191	83
192	83
193	83
194	83
195	83
196	83
197	83
198	83
199	83
200	83
201	83
202	83
203	83
204	83
205	83
206	83
207	83
83	84
84	84
85	84
86	84
87	84
88	84
89	84
90	84
91	84
92	84
93	84
94	84
95	84
96	84
97	84
98	84
99	84
100	84
101	84
102	84
103	84
104	84
105	84
106	84
107	84
108	84
109	84
110	84
111	84
112	84
113	84
114	84
119	84
120	84
121	84
122	84
123	84
124	84
125	84
126	84
127	84
128	84
129	84
130	84
131	84
132	84
133	84
134	84
135	84
136	84
137	84
138	84
139	84
140	84
141	84
142	84
143	84
144	84
145	84
146	84
147	84
148	84
149	84
150	84
151	84
152	84
153	84
154	84
155	84
156	84
157	84
158	84
159	84
160	84
161	84
162	84
163	84
164	84
165	84
166	84
167	84
168	84
169	84
170	84
171	84
172	84
173	84
174	84
175	84
176	84
177	84
178	84
179	84
180	84
181	84
182	84
183	84
184	84
185	84
186	84
187	84
188	84
189	84
190	84
191	84
192	84
193	84
194	84
195	84
196	84
197	84
198	84
199	84
200	84
201	84
202	84
203	84
204	84
205	84
206	84
207	84
208	84
82	85
83	85
84	85
85	85
86	85
87	85
88	85
89	85
90	85
91	85
92	85
93	85
94	85
95	85
96	85
97	85
98	85
99	85
100	85
101	85
102	85
103	85
104	85
105	85
106	85
107	85
108	85
109	85
110	85
111	85
112	85
113	85
114	85
117	85
118	85
119	85
120	85
121	85
122	85
123	85
124	85
125	85
126	85
127	85
128	85
129	85
130	85
131	85
132	85
133	85
134	85
135	85
136	85
137	85
138	85
139	85
140	85
141	85
142	85
143	85
144	85
145	85
146	85
147	85
148	85
149	85
150	85
151	85
152	85
153	85
154	85
155	85
156	85
157	85
158	85
159	85
160	85
161	85
162	85
163	85
164	85
165	85
166	85
167	85
168	85
169	85
170	85
171	85
172	85
173	85
174	85
175	85
176	85
177	85
178	85
179	85
180	85
181	85
182	85
183	85
184	85
185	85
186	85
187	85
188	85
189	85
190	85
191	85
192	85
193	85
194	85
195	85
196	85
197	85
198	85
199	85
200	85
201	85
202	85
203	85
204	85
205	85
206	85
207	85
208	85
210	85
211	85
212	85
81	86
82	86
83	86
84	86
85	86
86	86
87	86
88	86
89	86
90	86
91	86
92	86
93	86
94	86
95	86
96	86
97	86
98	86
99	86
100	86
101	86
102	86
103	86
104	86
105	86
106	86
107	86
108	86
109	86
110	86
111	86
112	86
113	86
114	86
115	86
116	86
117	86
118	86
119	86
120	86
121	86
122	86
123	86
124	86
125	86
126	86
127	86
128	86
129	86
130	86
131	86
132	86
133	86
134	86
135	86
136	86
137	86
138	86
139	86
140	86
141	86
142	86
143	86
144	86
145	86
146	86
147	86
148	86
149	86
150	86
151	86
152	86
153	86
154	86
155	86
156	86
157	86
158	86
159	86
160	86
161	86
162	86
163	86
164	86
165	86
166	86
167	86
168	86
169	86
170	86
171	86
172	86
173	86
174	86
175	86
176	86
177	86
178	86
179	86
180	86
181	86
182	86
183	86
184	86
185	86
186	86
187	86
188	86
189	86
190	86
191	86
192	86
193	86
194	86
195	86
196	86
197	86
198	86
199	86
200	86
201	86
202	86
203	86
204	86
205	86
206	86
207	86
208	86
209	86
210	86
211	86
212	86
213	86
214	86
81	87
82	87
83	87
84	87
85	87
86	87
87	87
88	87
89	87
90	87
91	87
92	87
93	87
94	87
95	87
96	87
97	87
98	87
99	87
100	87
101	87
102	87
103	87
104	87
105	87
106	87
107	87
108	87
109	87
110	87
111	87
112	87
113	87
114	87
115	87
116	87
117	87
118	87
119	87
120	87
121	87
122	87
123	87
124	87
125	87
126	87
127	87
128	87
129	87
130	87
131	87
132	87
133	87
134	87
135	87
136	87
137	87
138	87
139	87
140	87
141	87
142	87
143	87
144	87
145	87
146	87
147	87
148	87
149	87
150	87
151	87
152	87
153	87
154	87
155	87
156	87
157	87
158	87
159	87
160	87
161	87
162	87
163	87
164	87
165	87
166	87
167	87
168	87
169	87
170	87
171	87
172	87
173	87
174	87
175	87
176	87
177	87
178	87
179	87
180	87
181	87
182	87
183	87
184	87
185	87
186	87
187	87
188	87
189	87
190	87
191	87
192	87
193	87
194	87
195	87
196	87
197	87
198	87
199	87
200	87
201	87
202	87
203	87
204	87
205	87
206	87
207	87
208	87
209	87
210	87
211	87
212	87
213	87
214	87
215	87
80	88
81	88
82	88
83	88
84	88
85	88
86	88
87	88
88	88
89	88
90	88
91	88
92	88
93	88
94	88
95	88
96	88
97	88
98	88
99	88
100	88
101	88
102	88
103	88
104	88
105	88
106	88
107	88
108	88
109	88
110	88
111	88
112	88
113	88
114	88
115	88
116	88
117	88
118	88
119	88
120	88
121	88
122	88
123	88
124	88
125	88
126	88
127	88
128	88
129	88
130	88
131	88
132	88
133	88
134	88
135	88
136	88
137	88
138	88
139	88
140	88
141	88
142	88
143	88
144	88
145	88
146	88
147	88
148	88
149	88
150	88
151	88
152	88
153	88
154	88
155	88
156	88
157	88
158	88
159	88
160	88
161	88
162	88
163	88
164	88
165	88
166	88
167	88
168	88
169	88
170	88
171	88
172	88
173	88
174	88
175	88
176	88
177	88
178	88
179	88
180	88
181	88
182	88
183	88
184	88
185	88
186	88
187	88
188	88
189	88
190	88
191	88
192	88
193	88
194	88
195	88
196	88
197	88
198	88
199	88
200	88
201	88
202	88
203	88
204	88
205	88
206	88
207	88
208	88
209	88
210	88
211	88
212	88
213	88
214	88
215	88
216	88
80	89
81	89
82	89
83	89
84	89
85	89
86	89
87	89
88	89
89	89
90	89
91	89
92	89
93	89
94	89
95	89
96	89
97	89
98	89
99	89
100	89
101	89
102	89
103	89
104	89
105	89
106	89
107	89
108	89
109	89
110	89
111	89
112	89
113	89
114	89
115	89
116	89
117	89
118	89
119	89
120	89
121	89
122	89
123	89
124	89
125	89
126	89
127	89
128	89
129	89
130	89
131	89
132	89
133	89
134	89
135	89
136	89
137	89
138	89
139	89
140	89
141	89
142	89
143	89
144	89
145	89
146	89
147	89
148	89
149	89
150	89
151	89
152	89
153	89
154	89
155	89
156	89
157	89
158	89
159	89
160	89
161	89
162	89
163	89
164	89
165	89
166	89
167	89
168	89
169	89
170	89
171	89
172	89
173	89
174	89
175	89
176	89
177	89
178	89
179	89
180	89
181	89
182	89
183	89
184	89
185	89
186	89
187	89
188	89
189	89
190	89
191	89
192	89
193	89
194	89
195	89
196	89
197	89
198	89
199	89
200	89
201	89
202	89
203	89
204	89
205	89
206	89
207	89
208	89
209	89
210	89
211	89
212	89
213	89
214	89
215	89
216	89
217	89
79	90
80	90
81	90
82	90
83	90
84	90
85	90
86	90
87	90
88	90
89	90
90	90
91	90
92	90
93	90
94	90
95	90
96	90
97	90
98	90
99	90
100	90
101	90
102	90
103	90
104	90
105	90
106	90
107	90
108	90
109	90
110	90
111	90
112	90
113	90
114	90
115	90
116	90
117	90
118	90
119	90
120	90
121	90
122	90
123	90
124	90
125	90
126	90
127	90
128	90
129	90
130	90
131	90
132	90
133	90
134	90
135	90
136	90
137	90
138	90
139	90
140	90
141	90
142	90
143	90
144	90
145	90
146	90
147	90
148	90
149	90
150	90
151	90
152	90
153	90
154	90
155	90
156	90
157	90
158	90
159	90
160	90
161	90
162	90
163	90
164	90
165	90
166	90
167	90
168	90
169	90
170	90
171	90
172	90
173	90
174	90
175	90
176	90
177	90
178	90
179	90
180	90
181	90
182	90
183	90
184	90
185	90
186	90
187	90
188	90
189	90
190	90
191	90
192	90
193	90
194	90
195	90
196	90
197	90
198	90
199	90
200	90
201	90
202	90
203	90
204	90
205	90
206	90
207	90
208	90
209	90
210	90
211	90
212	90
213	90
214	90
215	90
216	90
217	90
218	90
79	91
80	91
81	91
82	91
83	91
84	91
85	91
86	91
87	91
88	91
89	91
90	91
91	91
92	91
93	91
94	91
95	91
96	91
97	91
98	91
99	91
100	91
101	91
102	91
103	91
104	91
105	91
106	91
107	91
108	91
109	91
110	91
111	91
112	91
113	91
114	91
115	91
116	91
117	91
118	91
119	91
120	91
121	91
122	91
123	91
124	91
125	91
126	91
127	91
128	91
129	91
130	91
131	91
132	91
133	91
134	91
135	91
136	91
137	91
138	91
139	91
140	91
141	91
142	91
143	91
144	91
145	91
146	91
147	91
148	91
149	91
150	91
151	91
152	91
153	91
154	91
155	91
156	91
157	91
158	91
159	91
160	91
161	91
162	91
163	91
164	91
165	91
166	91
167	91
168	91
169	91
170	91
171	91
172	91
173	91
174	91
175	91
176	91
177	91
178	91
179	91
180	91
181	91
182	91
183	91
184	91
185	91
186	91
187	91
188	91
189	91
190	91
191	91
192	91
193	91
194	91
195	91
196	91
197	91
198	91
199	91
200	91
201	91
202	91
203	91
204	91
205	91
206	91
207	91
208	91
209	91
210	91
211	91
212	91
213	91
214	91
215	91
216	91
217	91
218	91
78	92
79	92
80	92
81	92
82	92
83	92
84	92
85	92
86	92
87	92
88	92
89	92
90	92
91	92
92	92
93	92
94	92
95	92
96	92
97	92
98	92
99	92
100	92
101	92
102	92
103	92
104	92
105	92
106	92
107	92
108	92
109	92
110	92
111	92
112	92
113	92
114	92
115	92
116	92
117	92
118	92
119	92
120	92
121	92
122	92
123	92
124	92
125	92
126	92
127	92
128	92
129	92
130	92
131	92
132	92
133	92
134	92
135	92
136	92
137	92
138	92
139	92
140	92
141	92
142	92
143	92
144	92
145	92
146	92
147	92
148	92
149	92
150	92
151	92
152	92
153	92
154	92
155	92
156	92
157	92
158	92
159	92
160	92
161	92
162	92
163	92
164	92
165	92
166	92
167	92
168	92
169	92
170	92
171	92
172	92
173	92
174	92
175	92
176	92
177	92
178	92
179	92
180	92
181	92
182	92
183	92
184	92
185	92
186	92
187	92
188	92
189	92
190	92
191	92
192	92
193	92
194	92
195	92
196	92
197	92
198	92
199	92
200	92
201	92
202	92
203	92
204	92
205	92
206	92
207	92
208	92
209	92
210	92
211	92
212	92
213	92
214	92
215	92
216	92
217	92
218	92
219	92
78	93
79	93
80	93
81	93
82	93
83	93
84	93
85	93
86	93
87	93
88	93
89	93
90	93
91	93
92	93
93	93
94	93
95	93
96	93
97	93
98	93
99	93
100	93
101	93
102	93
103	93
104	93
105	93
106	93
107	93
108	93
109	93
110	93
111	93
112	93
113	93
114	93
115	93
116	93
117	93
118	93
119	93
120	93
121	93
122	93
123	93
124	93
125	93
126	93
127	93
128	93
129	93
130	93
131	93
132	93
133	93
134	93
135	93
136	93
137	93
138	93
139	93
140	93
141	93
142	93
143	93
144	93
145	93
146	93
147	93
148	93
149	93
150	93
151	93
152	93
153	93
154	93
155	93
156	93
157	93
158	93
159	93
160	93
161	93
162	93
163	93
164	93
165	93
166	93
167	93
168	93
169	93
170	93
171	93
172	93
173	93
174	93
175	93
176	93
177	93
178	93
179	93
180	93
181	93
182	93
183	93
184	93
185	93
186	93
187	93
188	93
189	93
190	93
191	93
192	93
193	93
194	93
195	93
196	93
197	93
198	93
199	93
200	93
201	93
202	93
203	93
204	93
205	93
206	93
207	93
208	93
209	93
210	93
211	93
212	93
213	93
214	93
215	93
216	93
217	93
218	93
219	93
220	93
78	94
79	94
80	94
81	94
82	94
83	94
84	94
85	94
86	94
87	94
88	94
89	94
90	94
91	94
92	94
93	94
94	94
95	94
96	94
97	94
98	94
99	94
100	94
101	94
102	94
103	94
104	94
105	94
106	94
107	94
108	94
109	94
110	94
111	94
112	94
113	94
114	94
115	94
116	94
117	94
118	94
119	94
120	94
121	94
122	94
123	94
124	94
125	94
126	94
127	94
128	94
129	94
130	94
131	94
132	94
133	94
134	94
135	94
136	94
137	94
138	94
139	94
140	94
141	94
142	94
143	94
144	94
145	94
146	94
147	94
148	94
149	94
150	94
151	94
152	94
153	94
154	94
155	94
156	94
157	94
158	94
159	94
160	94
161	94
162	94
163	94
164	94
165	94
166	94
167	94
168	94
169	94
170	94
171	94
172	94
173	94
174	94
175	94
176	94
177	94
178	94
179	94
180	94
181	94
182	94
183	94
184	94
185	94
186	94
187	94
188	94
189	94
190	94
191	94
192	94
193	94
194	94
195	94
196	94
197	94
198	94
199	94
200	94
201	94
202	94
203	94
204	94
205	94
206	94
207	94
208	94
209	94
210	94
211	94
212	94
213	94
214	94
215	94
216	94
217	94
218	94
219	94
220	94
78	95
79	95
80	95
81	95
82	95
83	95
84	95
85	95
86	95
87	95
88	95
89	95
90	95
91	95
92	95
93	95
94	95
95	95
96	95
97	95
98	95
99	95
100	95
101	95
102	95
103	95
104	95
105	95
106	95
107	95
108	95
109	95
110	95
111	95
112	95
113	95
114	95
115	95
116	95
117	95
118	95
119	95
120	95
121	95
122	95
123	95
124	95
125	95
126	95
127	95
128	95
129	95
130	95
131	95
132	95
133	95
134	95
135	95
136	95
137	95
138	95
139	95
140	95
141	95
142	95
143	95
144	95
145	95
146	95
147	95
148	95
149	95
150	95
151	95
152	95
153	95
154	95
155	95
156	95
157	95
158	95
159	95
160	95
161	95
162	95
163	95
164	95
165	95
166	95
167	95
168	95
169	95
170	95
171	95
172	95
173	95
174	95
175	95
176	95
177	95
178	95
179	95
180	95
181	95
182	95
183	95
184	95
185	95
186	95
187	95
188	95
189	95
190	95
191	95
192	95
193	95
194	95
195	95
196	95
197	95
198	95
199	95
200	95
201	95
202	95
203	95
204	95
205	95
206	95
207	95
208	95
209	95
210	95
211	95
212	95
213	95
214	95
215	95
216	95
217	95
218	95
219	95
220	95
221	95
77	96
78	96
79	96
80	96
81	96
82	96
83	96
84	96
85	96
86	96
87	96
88	96
89	96
90	96
91	96
92	96
93	96
94	96
95	96
96	96
97	96
98	96
99	96
100	96
101	96
102	96
103	96
104	96
105	96
106	96
107	96
108	96
109	96
110	96
111	96
112	96
113	96
114	96
115	96
116	96
117	96
118	96
119	96
120	96
121	96
122	96
123	96
124	96
125	96
126	96
127	96
128	96
129	96
130	96
131	96
132	96
133	96
134	96
135	96
136	96
137	96
138	96
139	96
140	96
141	96
142	96
143	96
144	96
145	96
146	96
147	96
148	96
149	96
150	96
151	96
152	96
153	96
154	96
155	96
156	96
157	96
158	96
159	96
160	96
161	96
162	96
163	96
164	96
165	96
166	96
167	96
168	96
169	96
170	96
171	96
172	96
173	96
174	96
175	96
176	96
177	96
178	96
179	96
180	96
181	96
182	96
183	96
184	96
185	96
186	96
187	96
188	96
189	96
190	96
191	96
192	96
193	96
194	96
195	96
196	96
197	96
198	96
199	96
200	96
201	96
202	96
203	96
204	96
205	96
206	96
207	96
208	96
209	96
210	96
211	96
212	96
213	96
214	96
215	96
216	96
217	96
218	96
219	96
220	96
221	96
222	96
77	97
78	97
79	97
80	97
81	97
82	97
83	97
84	97
85	97
86	97
87	97
88	97
89	97
90	97
91	97
92	97
93	97
94	97
95	97
96	97
97	97
98	97
99	97
100	97
101	97
102	97
103	97
104	97
105	97
106	97
107	97
108	97
109	97
110	97
111	97
112	97
113	97
114	97
115	97
116	97
117	97
118	97
119	97
120	97
121	97
122	97
123	97
124	97
125	97
126	97
127	97
128	97
129	97
130	97
131	97
132	97
133	97
134	97
135	97
136	97
137	97
138	97
139	97
140	97
141	97
142	97
143	97
144	97
145	97
146	97
147	97
148	97
149	97
150	97
151	97
152	97
153	97
154	97
155	97
156	97
157	97
158	97
159	97
160	97
161	97
162	97
163	97
164	97
165	97
166	97
167	97
168	97
169	97
170	97
171	97
172	97
173	97
174	97
175	97
176	97
177	97
178	97
179	97
180	97
181	97
182	97
183	97
184	97
185	97
186	97
187	97
188	97
189	97
190	97
191	97
192	97
193	97
194	97
195	97
196	97
197	97
198	97
199	97
200	97
201	97
202	97
203	97
204	97
205	97
206	97
207	97
208	97
209	97
210	97
211	97
212	97
213	97
214	97
215	97
216	97
217	97
218	97
219	97
220	97
221	97
222	97
77	98
78	98
79	98
80	98
81	98
82	98
83	98
84	98
85	98
86	98
87	98
88	98
89	98
90	98
91	98
92	98
93	98
94	98
95	98
96	98
97	98
98	98
99	98
100	98
101	98
102	98
103	98
104	98
105	98
106	98
107	98
108	98
109	98
110	98
111	98
112	98
113	98
114	98
115	98
116	98
117	98
118	98
119	98
120	98
121	98
122	98
123	98
124	98
125	98
126	98
127	98
128	98
129	98
130	98
131	98
132	98
133	98
134	98
135	98
136	98
137	98
138	98
139	98
140	98
141	98
142	98
143	98
144	98
145	98
146	98
147	98
148	98
149	98
150	98
151	98
152	98
153	98
154	98
155	98
156	98
157	98
158	98
159	98
160	98
161	98
162	98
163	98
164	98
165	98
166	98
167	98
168	98
169	98
170	98
171	98
172	98
173	98
174	98
175	98
176	98
177	98
178	98
179	98
180	98
181	98
182	98
183	98
184	98
185	98
186	98
187	98
188	98
189	98
190	98
191	98
192	98
193	98
194	98
195	98
196	98
197	98
198	98
199	98
200	98
201	98
202	98
203	98
204	98
205	98
206	98
207	98
208	98
209	98
210	98
211	98
212	98
213	98
214	98
215	98
216	98
217	98
218	98
219	98
220	98
221	98
222	98
77	99
78	99
79	99
80	99
81	99
82	99
83	99
84	99
85	99
86	99
87	99
88	99
89	99
90	99
91	99
92	99
93	99
94	99
95	99
96	99
97	99
98	99
99	99
100	99
101	99
102	99
103	99
104	99
105	99
106	99
107	99
108	99
109	99
110	99
111	99
112	99
113	99
114	99
115	99
116	99
117	99
118	99
119	99
120	99
121	99
122	99
123	99
124	99
125	99
126	99
127	99
128	99
129	99
130	99
131	99
132	99
133	99
134	99
135	99
136	99
137	99
138	99
139	99
140	99
141	99
142	99
143	99
144	99
145	99
146	99
147	99
148	99
149	99
150	99
151	99
152	99
153	99
154	99
155	99
156	99
157	99
158	99
159	99
160	99
161	99
162	99
163	99
164	99
165	99
166	99
167	99
168	99
169	99
170	99
171	99
172	99
173	99
174	99
175	99
176	99
177	99
178	99
179	99
180	99
181	99
182	99
183	99
184	99
185	99
186	99
187	99
188	99
189	99
190	99
191	99
192	99
193	99
194	99
195	99
196	99
197	99
198	99
199	99
200	99
201	99
202	99
203	99
204	99
205	99
206	99
207	99
208	99
209	99
210	99
211	99
212	99
213	99
214	99
215	99
216	99
217	99
218	99
219	99
220	99
221	99
222	99
77	100
78	100
79	100
80	100
81	100
82	100
83	100
84	100
85	100
86	100
87	100
88	100
89	100
90	100
91	100
92	100
93	100
94	100
95	100
96	100
97	100
98	100
99	100
100	100
101	100
102	100
103	100
104	100
105	100
106	100
107	100
108	100
109	100
110	100
111	100
112	100
113	100
114	100
115	100
116	100
117	100
118	100
119	100
120	100
121	100
122	100
123	100
124	100
125	100
126	100
127	100
128	100
129	100
130	100
131	100
132	100
133	100
134	100
135	100
136	100
137	100
138	100
139	100
140	100
141	100
142	100
143	100
144	100
145	100
146	100
147	100
148	100
149	100
150	100
151	100
152	100
153	100
154	100
155	100
156	100
157	100
158	100
159	100
160	100
161	100
162	100
163	100
164	100
165	100
166	100
167	100
168	100
169	100
170	100
171	100
172	100
173	100
174	100
175	100
176	100
177	100
178	100
179	100
180	100
181	100
182	100
183	100
184	100
185	100
186	100
187	100
188	100
189	100
190	100
191	100
192	100
193	100
194	100
195	100
196	100
197	100
198	100
199	100
200	100
201	100
202	100
203	100
204	100
205	100
206	100
207	100
208	100
209	100
210	100
211	100
212	100
213	100
214	100
215	100
216	100
217	100
218	100
219	100
220	100
221	100
222	100
77	101
78	101
79	101
80	101
81	101
82	101
83	101
84	101
85	101
86	101
87	101
88	101
89	101
90	101
91	101
92	101
93	101
94	101
95	101
96	101
97	101
98	101
99	101
100	101
101	101
102	101
103	101
104	101
105	101
106	101
107	101
108	101
109	101
110	101
111	101
112	101
113	101
114	101
115	101
116	101
117	101
118	101
119	101
120	101
121	101
122	101
123	101
124	101
125	101
126	101
127	101
128	101
129	101
130	101
131	101
132	101
133	101
134	101
135	101
136	101
137	101
138	101
139	101
140	101
141	101
142	101
143	101
144	101
145	101
146	101
147	101
148	101
149	101
150	101
151	101
152	101
153	101
154	101
155	101
156	101
157	101
158	101
159	101
160	101
161	101
162	101
163	101
164	101
165	101
166	101
167	101
168	101
169	101
170	101
171	101
172	101
173	101
174	101
175	101
176	101
177	101
178	101
179	101
180	101
181	101
182	101
183	101
184	101
185	101
186	101
187	101
188	101
189	101
190	101
191	101
192	101
193	101
194	101
195	101
196	101
197	101
198	101
199	101
200	101
201	101
202	101
203	101
204	101
205	101
206	101
207	101
208	101
209	101
210	101
211	101
212	101
213	101
214	101
215	101
216	101
217	101
218	101
219	101
220	101
221	101
222	101
77	102
78	102
79	102
80	102
81	102
82	102
83	102
84	102
85	102
86	102
87	102
88	102
89	102
90	102
91	102
92	102
93	102
94	102
95	102
96	102
97	102
98	102
99	102
100	102
101	102
102	102
103	102
104	102
105	102
106	102
107	102
108	102
109	102
110	102
111	102
112	102
113	102
114	102
115	102
116	102
117	102
118	102
119	102
120	102
121	102
122	102
123	102
124	102
125	102
126	102
127	102
128	102
129	102
130	102
131	102
132	102
133	102
134	102
135	102
136	102
137	102
138	102
139	102
140	102
141	102
142	102
143	102
144	102
145	102
146	102
147	102
148	102
149	102
150	102
151	102
152	102
153	102
154	102
155	102
156	102
157	102
158	102
159	102
160	102
161	102
162	102
163	102
164	102
165	102
166	102
167	102
168	102
169	102
170	102
171	102
172	102
173	102
174	102
175	102
176	102
177	102
178	102
179	102
180	102
181	102
182	102
183	102
184	102
185	102
186	102
187	102
188	102
189	102
190	102
191	102
192	102
193	102
194	102
195	102
196	102
197	102
198	102
199	102
200	102
201	102
202	102
203	102
204	102
205	102
206	102
207	102
208	102
209	102
210	102
211	102
212	102
213	102
214	102
215	102
216	102
217	102
218	102
219	102
220	102
221	102
222	102
77	103
78	103
79	103
80	103
81	103
82	103
83	103
84	103
85	103
86	103
87	103
88	103
89	103
90	103
91	103
92	103
93	103
94	103
95	103
96	103
97	103
98	103
99	103
100	103
101	103
102	103
103	103
104	103
105	103
106	103
107	103
108	103
109	103
110	103
111	103
112	103
113	103
114	103
115	103
116	103
117	103
118	103
119	103
120	103
121	103
122	103
123	103
124	103
125	103
126	103
127	103
128	103
129	103
130	103
131	103
132	103
133	103
134	103
135	103
136	103
137	103
138	103
139	103
140	103
141	103
142	103
143	103
144	103
145	103
146	103
147	103
148	103
149	103
150	103
151	103
152	103
153	103
154	103
155	103
156	103
157	103
158	103
159	103
160	103
161	103
162	103
163	103
164	103
165	103
166	103
167	103
168	103
169	103
170	103
171	103
172	103
173	103
174	103
175	103
176	103
177	103
178	103
179	103
180	103
181	103
182	103
183	103
184	103
185	103
186	103
187	103
188	103
189	103
190	103
191	103
192	103
193	103
194	103
195	103
196	103
197	103
198	103
199	103
200	103
201	103
202	103
203	103
204	103
205	103
206	103
207	103
208	103
209	103
210	103
211	103
212	103
213	103
214	103
215	103
216	103
217	103
218	103
219	103
220	103
221	103
222	103
77	104
78	104
79	104
80	104
81	104
82	104
83	104
84	104
85	104
86	104
87	104
88	104
89	104
90	104
91	104
92	104
93	104
94	104
95	104
96	104
97	104
98	104
99	104
100	104
101	104
102	104
103	104
104	104
105	104
106	104
107	104
108	104
109	104
110	104
111	104
112	104
113	104
114	104
115	104
116	104
117	104
118	104
119	104
120	104
121	104
122	104
123	104
124	104
125	104
126	104
127	104
128	104
129	104
130	104
131	104
132	104
133	104
134	104
135	104
136	104
137	104
138	104
139	104
140	104
141	104
142	104
143	104
144	104
145	104
146	104
147	104
148	104
149	104
150	104
151	104
152	104
153	104
154	104
155	104
156	104
157	104
158	104
159	104
160	104
161	104
162	104
163	104
164	104
165	104
166	104
167	104
168	104
169	104
170	104
171	104
172	104
173	104
174	104
175	104
176	104
177	104
178	104
179	104
180	104
181	104
182	104
183	104
184	104
185	104
186	104
187	104
188	104
189	104
190	104
191	104
192	104
193	104
194	104
195	104
196	104
197	104
198	104
199	104
200	104
201	104
202	104
203	104
204	104
205	104
206	104
207	104
208	104
209	104
210	104
211	104
212	104
213	104
214	104
215	104
216	104
217	104
218	104
219	104
220	104
221	104
222	104
77	105
78	105
79	105
80	105
81	105
82	105
83	105
84	105
85	105
86	105
87	105
88	105
89	105
90	105
91	105
92	105
93	105
94	105
95	105
96	105
97	105
98	105
99	105
100	105
101	105
102	105
103	105
104	105
105	105
106	105
107	105
108	105
109	105
110	105
111	105
112	105
113	105
114	105
115	105
116	105
117	105
118	105
119	105
120	105
121	105
122	105
123	105
124	105
125	105
126	105
127	105
128	105
129	105
130	105
131	105
132	105
133	105
134	105
135	105
136	105
137	105
138	105
139	105
140	105
141	105
142	105
143	105
144	105
145	105
146	105
147	105
148	105
149	105
150	105
151	105
152	105
153	105
154	105
155	105
156	105
157	105
158	105
159	105
160	105
161	105
162	105
163	105
164	105
165	105
166	105
167	105
168	105
169	105
170	105
171	105
172	105
173	105
174	105
175	105
176	105
177	105
178	105
179	105
180	105
181	105
182	105
183	105
184	105
185	105
186	105
187	105
188	105
189	105
190	105
191	105
192	105
193	105
194	105
195	105
196	105
197	105
198	105
199	105
200	105
201	105
202	105
203	105
204	105
205	105
206	105
207	105
208	105
209	105
210	105
211	105
212	105
213	105
214	105
215	105
216	105
217	105
218	105
219	105
220	105
221	105
222	105
77	106
78	106
79	106
80	106
81	106
82	106
83	106
84	106
85	106
86	106
87	106
88	106
89	106
90	106
91	106
92	106
93	106
94	106
95	106
96	106
97	106
98	106
99	106
100	106
101	106
102	106
103	106
104	106
105	106
106	106
107	106
108	106
109	106
110	106
111	106
112	106
113	106
114	106
115	106
116	106
117	106
118	106
119	106
120	106
121	106
122	106
123	106
124	106
125	106
126	106
127	106
128	106
129	106
130	106
131	106
132	106
133	106
134	106
135	106
136	106
137	106
138	106
139	106
140	106
141	106
142	106
143	106
144	106
145	106
146	106
147	106
148	106
149	106
150	106
151	106
152	106
153	106
154	106
155	106
156	106
157	106
158	106
159	106
160	106
161	106
162	106
163	106
164	106
165	106
166	106
167	106
168	106
169	106
170	106
171	106
172	106
173	106
174	106
175	106
176	106
177	106
178	106
179	106
180	106
181	106
182	106
183	106
184	106
185	106
186	106
187	106
188	106
189	106
190	106
191	106
192	106
193	106
194	106
195	106
196	106
197	106
198	106
199	106
200	106
201	106
202	106
203	106
204	106
205	106
206	106
207	106
208	106
209	106
210	106
211	106
212	106
213	106
214	106
215	106
216	106
217	106
218	106
219	106
220	106
221	106
222	106
77	107
78	107
79	107
80	107
81	107
82	107
83	107
84	107
85	107
86	107
87	107
88	107
89	107
90	107
91	107
92	107
93	107
94	107
95	107
96	107
97	107
98	107
99	107
100	107
101	107
102	107
103	107
104	107
105	107
106	107
107	107
108	107
109	107
110	107
111	107
112	107
113	107
114	107
115	107
116	107
117	107
118	107
119	107
120	107
121	107
122	107
123	107
124	107
125	107
126	107
127	107
128	107
129	107
130	107
131	107
132	107
133	107
134	107
135	107
136	107
137	107
138	107
139	107
140	107
141	107
142	107
143	107
144	107
145	107
146	107
147	107
148	107
149	107
150	107
151	107
152	107
153	107
154	107
155	107
156	107
157	107
158	107
159	107
160	107
161	107
162	107
163	107
164	107
165	107
166	107
167	107
168	107
169	107
170	107
171	107
172	107
173	107
174	107
175	107
176	107
177	107
178	107
179	107
180	107
181	107
182	107
183	107
184	107
185	107
186	107
187	107
188	107
189	107
190	107
191	107
192	107
193	107
194	107
195	107
196	107
197	107
198	107
199	107
200	107
201	107
202	107
203	107
204	107
205	107
206	107
207	107
208	107
209	107
210	107
211	107
212	107
213	107
214	107
215	107
216	107
217	107
218	107
219	107
220	107
221	107
222	107
77	108
78	108
79	108
80	108
81	108
82	108
83	108
84	108
85	108
86	108
87	108
88	108
89	108
90	108
91	108
92	108
93	108
94	108
95	108
96	108
97	108
98	108
99	108
100	108
101	108
102	108
103	108
104	108
105	108
106	108
107	108
108	108
109	108
110	108
111	108
112	108
113	108
114	108
115	108
116	108
117	108
118	108
119	108
120	108
121	108
122	108
123	108
124	108
125	108
126	108
127	108
128	108
129	108
130	108
131	108
132	108
133	108
134	108
135	108
136	108
137	108
138	108
139	108
140	108
141	108
142	108
143	108
144	108
145	108
146	108
147	108
148	108
149	108
150	108
151	108
152	108
153	108
154	108
155	108
156	108
157	108
158	108
159	108
160	108
161	108
162	108
163	108
164	108
165	108
166	108
167	108
168	108
169	108
170	108
171	108
172	108
173	108
174	108
175	108
176	108
177	108
178	108
179	108
180	108
181	108
182	108
183	108
184	108
185	108
186	108
187	108
188	108
189	108
190	108
191	108
192	108
193	108
194	108
195	108
196	108
197	108
198	108
199	108
200	108
201	108
202	108
203	108
204	108
205	108
206	108
207	108
208	108
209	108
210	108
211	108
212	108
213	108
214	108
215	108
216	108
217	108
218	108
219	108
220	108
221	108
222	108
78	109
79	109
80	109
81	109
82	109
83	109
84	109
85	109
86	109
87	109
88	109
89	109
90	109
91	109
92	109
93	109
94	109
95	109
96	109
97	109
98	109
99	109
100	109
101	109
102	109
103	109
104	109
105	109
106	109
107	109
108	109
109	109
110	109
111	109
112	109
113	109
114	109
115	109
116	109
117	109
118	109
119	109
120	109
121	109
122	109
123	109
124	109
125	109
126	109
127	109
128	109
129	109
130	109
131	109
132	109
133	109
134	109
135	109
136	109
137	109
138	109
139	109
140	109
141	109
142	109
143	109
144	109
145	109
146	109
147	109
148	109
149	109
150	109
151	109
152	109
153	109
154	109
155	109
156	109
157	109
158	109
159	109
160	109
161	109
162	109
163	109
164	109
165	109
166	109
167	109
168	109
169	109
170	109
171	109
172	109
173	109
174	109
175	109
176	109
177	109
178	109
179	109
180	109
181	109
182	109
183	109
184	109
185	109
186	109
187	109
188	109
189	109
190	109
191	109
192	109
193	109
194	109
195	109
196	109
197	109
198	109
199	109
200	109
201	109
202	109
203	109
204	109
205	109
206	109
207	109
208	109
209	109
210	109
211	109
212	109
213	109
214	109
215	109
216	109
217	109
218	109
219	109
220	109
221	109
222	109
78	110
79	110
80	110
81	110
82	110
83	110
84	110
85	110
86	110
87	110
88	110
89	110
90	110
91	110
92	110
93	110
94	110
95	110
96	110
97	110
98	110
99	110
100	110
101	110
102	110
103	110
104	110
105	110
106	110
107	110
108	110
109	110
110	110
111	110
112	110
113	110
114	110
115	110
116	110
117	110
118	110
119	110
120	110
121	110
122	110
123	110
124	110
125	110
126	110
127	110
128	110
129	110
130	110
131	110
132	110
133	110
134	110
135	110
136	110
137	110
138	110
139	110
140	110
141	110
142	110
143	110
144	110
145	110
146	110
147	110
148	110
149	110
150	110
151	110
152	110
153	110
154	110
155	110
156	110
157	110
158	110
159	110
160	110
161	110
162	110
163	110
164	110
165	110
166	110
167	110
168	110
169	110
170	110
171	110
172	110
173	110
174	110
175	110
176	110
177	110
178	110
179	110
180	110
181	110
182	110
183	110
184	110
185	110
186	110
187	110
188	110
189	110
190	110
191	110
192	110
193	110
194	110
195	110
196	110
197	110
198	110
199	110
200	110
201	110
202	110
203	110
204	110
205	110
206	110
207	110
208	110
209	110
210	110
211	110
212	110
213	110
214	110
215	110
216	110
217	110
218	110
219	110
220	110
221	110
222	110
78	111
79	111
80	111
81	111
82	111
83	111
84	111
85	111
86	111
87	111
88	111
89	111
90	111
91	111
92	111
93	111
94	111
95	111
96	111
97	111
98	111
99	111
100	111
101	111
102	111
103	111
104	111
105	111
106	111
107	111
108	111
109	111
110	111
111	111
112	111
113	111
114	111
115	111
116	111
117	111
118	111
119	111
120	111
121	111
122	111
123	111
124	111
125	111
126	111
127	111
128	111
129	111
130	111
131	111
132	111
133	111
134	111
135	111
136	111
137	111
138	111
139	111
140	111
141	111
142	111
143	111
144	111
145	111
146	111
147	111
148	111
149	111
150	111
151	111
152	111
153	111
154	111
155	111
156	111
157	111
158	111
159	111
160	111
161	111
162	111
163	111
164	111
165	111
166	111
167	111
168	111
169	111
170	111
171	111
172	111
173	111
174	111
175	111
176	111
177	111
178	111
179	111
180	111
181	111
182	111
183	111
184	111
185	111
186	111
187	111
188	111
189	111
190	111
191	111
192	111
193	111
194	111
195	111
196	111
197	111
198	111
199	111
200	111
201	111
202	111
203	111
204	111
205	111
206	111
207	111
208	111
209	111
210	111
211	111
212	111
213	111
214	111
215	111
216	111
217	111
218	111
219	111
220	111
221	111
222	111
78	112
79	112
80	112
81	112
82	112
83	112
84	112
85	112
86	112
87	112
88	112
89	112
90	112
91	112
92	112
93	112
94	112
95	112
96	112
97	112
98	112
99	112
100	112
101	112
102	112
103	112
104	112
105	112
106	112
107	112
108	112
109	112
110	112
111	112
112	112
113	112
114	112
115	112
116	112
117	112
118	112
119	112
120	112
121	112
122	112
123	112
124	112
125	112
126	112
127	112
128	112
129	112
130	112
131	112
132	112
133	112
134	112
135	112
136	112
137	112
138	112
139	112
140	112
141	112
142	112
143	112
144	112
145	112
146	112
147	112
148	112
149	112
150	112
151	112
152	112
153	112
154	112
155	112
156	112
157	112
158	112
159	112
160	112
161	112
162	112
163	112
164	112
165	112
166	112
167	112
168	112
169	112
170	112
171	112
172	112
173	112
174	112
175	112
176	112
177	112
178	112
179	112
180	112
181	112
182	112
183	112
184	112
185	112
186	112
187	112
188	112
189	112
190	112
191	112
192	112
193	112
194	112
195	112
196	112
197	112
198	112
199	112
200	112
201	112
202	112
203	112
204	112
205	112
206	112
207	112
208	112
209	112
210	112
211	112
212	112
213	112
214	112
215	112
216	112
217	112
218	112
219	112
220	112
221	112
222	112
79	113
80	113
81	113
82	113
83	113
84	113
85	113
86	113
87	113
88	113
89	113
90	113
91	113
92	113
93	113
94	113
95	113
96	113
97	113
98	113
99	113
100	113
101	113
102	113
103	113
104	113
105	113
106	113
107	113
108	113
109	113
110	113
111	113
112	113
113	113
114	113
115	113
116	113
117	113
118	113
119	113
120	113
121	113
122	113
123	113
124	113
125	113
126	113
127	113
128	113
129	113
130	113
131	113
132	113
133	113
134	113
135	113
136	113
137	113
138	113
139	113
140	113
141	113
142	113
143	113
144	113
145	113
146	113
147	113
148	113
149	113
150	113
151	113
152	113
153	113
154	113
155	113
156	113
157	113
158	113
159	113
160	113
161	113
162	113
163	113
164	113
165	113
166	113
167	113
168	113
169	113
170	113
171	113
172	113
173	113
174	113
175	113
176	113
177	113
178	113
179	113
180	113
181	113
182	113
183	113
184	113
185	113
186	113
187	113
188	113
189	113
190	113
191	113
192	113
193	113
194	113
195	113
196	113
197	113
198	113
199	113
200	113
201	113
202	113
203	113
204	113
205	113
206	113
207	113
208	113
209	113
210	113
211	113
212	113
213	113
214	113
215	113
216	113
217	113
218	113
219	113
220	113
221	113
78	114
79	114
80	114
81	114
82	114
83	114
84	114
85	114
86	114
87	114
88	114
89	114
90	114
91	114
92	114
93	114
94	114
95	114
96	114
97	114
98	114
99	114
100	114
101	114
102	114
103	114
104	114
105	114
106	114
107	114
108	114
109	114
110	114
111	114
112	114
113	114
114	114
115	114
116	114
117	114
118	114
119	114
120	114
121	114
122	114
123	114
124	114
125	114
126	114
127	114
128	114
129	114
130	114
131	114
132	114
133	114
134	114
135	114
136	114
137	114
138	114
139	114
140	114
141	114
142	114
143	114
144	114
145	114
146	114
147	114
148	114
149	114
150	114
151	114
152	114
153	114
154	114
155	114
156	114
157	114
158	114
159	114
160	114
161	114
162	114
163	114
164	114
165	114
166	114
167	114
168	114
169	114
170	114
171	114
172	114
173	114
174	114
175	114
176	114
177	114
178	114
179	114
180	114
181	114
182	114
183	114
184	114
185	114
186	114
187	114
188	114
189	114
190	114
191	114
192	114
193	114
194	114
195	114
196	114
197	114
198	114
199	114
200	114
201	114
202	114
203	114
204	114
205	114
206	114
207	114
208	114
209	114
210	114
211	114
212	114
213	114
214	114
215	114
216	114
217	114
218	114
219	114
220	114
221	114
77	115
78	115
79	115
80	115
81	115
82	115
83	115
84	115
85	115
86	115
87	115
88	115
89	115
90	115
91	115
92	115
93	115
94	115
95	115
96	115
97	115
98	115
99	115
100	115
101	115
102	115
103	115
104	115
105	115
106	115
107	115
108	115
109	115
110	115
111	115
112	115
113	115
114	115
115	115
116	115
117	115
118	115
119	115
120	115
121	115
122	115
123	115
124	115
125	115
126	115
127	115
128	115
129	115
130	115
131	115
132	115
133	115
134	115
135	115
136	115
137	115
138	115
139	115
140	115
141	115
142	115
143	115
144	115
145	115
146	115
147	115
148	115
149	115
150	115
151	115
152	115
153	115
154	115
155	115
156	115
157	115
158	115
159	115
160	115
161	115
162	115
163	115
164	115
165	115
166	115
167	115
168	115
169	115
170	115
171	115
172	115
173	115
174	115
175	115
176	115
177	115
178	115
179	115
180	115
181	115
182	115
183	115
184	115
185	115
186	115
187	115
188	115
189	115
190	115
191	115
192	115
193	115
194	115
195	115
196	115
197	115
198	115
199	115
200	115
201	115
202	115
203	115
204	115
205	115
206	115
207	115
208	115
209	115
210	115
211	115
212	115
213	115
214	115
215	115
216	115
217	115
218	115
219	115
220	115
77	116
78	116
79	116
80	116
81	116
82	116
83	116
84	116
85	116
86	116
87	116
88	116
89	116
90	116
91	116
92	116
93	116
94	116
95	116
96	116
97	116
98	116
99	116
100	116
101	116
102	116
103	116
104	116
105	116
106	116
107	116
108	116
109	116
110	116
111	116
112	116
113	116
114	116
115	116
116	116
117	116
118	116
119	116
120	116
121	116
122	116
123	116
124	116
125	116
126	116
127	116
128	116
129	116
130	116
131	116
132	116
133	116
134	116
135	116
136	116
137	116
138	116
139	116
140	116
141	116
142	116
143	116
144	116
145	116
146	116
147	116
148	116
149	116
150	116
151	116
152	116
153	116
154	116
155	116
156	116
157	116
158	116
159	116
160	116
161	116
162	116
163	116
164	116
165	116
166	116
167	116
168	116
169	116
170	116
171	116
172	116
173	116
174	116
175	116
176	116
177	116
178	116
179	116
180	116
181	116
182	116
183	116
184	116
185	116
186	116
187	116
188	116
189	116
190	116
191	116
192	116
193	116
194	116
195	116
196	116
197	116
198	116
199	116
200	116
201	116
202	116
203	116
204	116
205	116
206	116
207	116
208	116
209	116
210	116
211	116
212	116
213	116
214	116
215	116
216	116
217	116
218	116
219	116
76	117
77	117
78	117
79	117
80	117
81	117
82	117
83	117
84	117
85	117
86	117
87	117
88	117
89	117
90	117
91	117
92	117
93	117
94	117
95	117
96	117
97	117
98	117
99	117
100	117
101	117
102	117
103	117
104	117
105	117
106	117
107	117
108	117
109	117
110	117
111	117
112	117
113	117
114	117
115	117
116	117
117	117
118	117
119	117
120	117
121	117
122	117
123	117
124	117
125	117
126	117
127	117
128	117
129	117
130	117
131	117
132	117
133	117
134	117
135	117
136	117
137	117
138	117
139	117
140	117
141	117
142	117
143	117
144	117
145	117
146	117
147	117
148	117
149	117
150	117
151	117
152	117
153	117
154	117
155	117
156	117
157	117
158	117
159	117
160	117
161	117
162	117
163	117
164	117
165	117
166	117
167	117
168	117
169	117
170	117
171	117
172	117
173	117
174	117
175	117
176	117
177	117
178	117
179	117
180	117
181	117
182	117
183	117
184	117
185	117
186	117
187	117
188	117
189	117
190	117
191	117
192	117
193	117
194	117
195	117
196	117
197	117
198	117
199	117
200	117
201	117
202	117
203	117
204	117
205	117
206	117
207	117
208	117
209	117
210	117
211	117
212	117
213	117
214	117
215	117
216	117
217	117
218	117
219	117
76	118
77	118
78	118
79	118
80	118
81	118
82	118
83	118
84	118
85	118
86	118
87	118
88	118
89	118
90	118
91	118
92	118
93	118
94	118
95	118
96	118
97	118
98	118
99	118
100	118
101	118
102	118
103	118
104	118
105	118
106	118
107	118
108	118
109	118
110	118
111	118
112	118
113	118
114	118
115	118
116	118
117	118
118	118
119	118
120	118
121	118
122	118
123	118
124	118
125	118
126	118
127	118
128	118
129	118
130	118
131	118
132	118
133	118
134	118
135	118
136	118
137	118
138	118
139	118
140	118
141	118
142	118
143	118
144	118
145	118
146	118
147	118
148	118
149	118
150	118
151	118
152	118
153	118
154	118
155	118
156	118
157	118
158	118
159	118
160	118
161	118
162	118
163	118
164	118
165	118
166	118
167	118
168	118
169	118
170	118
171	118
172	118
173	118
174	118
175	118
176	118
177	118
178	118
179	118
180	118
181	118
182	118
183	118
184	118
185	118
186	118
187	118
188	118
189	118
190	118
191	118
192	118
193	118
194	118
195	118
196	118
197	118
198	118
199	118
200	118
201	118
202	118
203	118
204	118
205	118
206	118
207	118
208	118
209	118
210	118
211	118
212	118
213	118
214	118
215	118
216	118
217	118
218	118
75	119
76	119
77	119
78	119
79	119
80	119
81	119
82	119
83	119
84	119
85	119
86	119
87	119
88	119
89	119
90	119
91	119
92	119
93	119
94	119
95	119
96	119
97	119
98	119
99	119
100	119
101	119
102	119
103	119
104	119
105	119
106	119
107	119
108	119
109	119
110	119
111	119
112	119
113	119
114	119
115	119
116	119
117	119
118	119
119	119
120	119
121	119
122	119
123	119
124	119
125	119
126	119
127	119
128	119
129	119
130	119
131	119
132	119
133	119
134	119
135	119
136	119
137	119
138	119
139	119
140	119
141	119
142	119
143	119
144	119
145	119
146	119
147	119
148	119
149	119
150	119
151	119
152	119
153	119
154	119
155	119
156	119
157	119
158	119
159	119
160	119
161	119
162	119
163	119
164	119
165	119
166	119
167	119
168	119
169	119
170	119
171	119
172	119
173	119
174	119
175	119
176	119
177	119
178	119
179	119
180	119
181	119
182	119
183	119
184	119
185	119
186	119
187	119
188	119
189	119
190	119
191	119
192	119
193	119
194	119
195	119
196	119
197	119
198	119
199	119
200	119
201	119
202	119
203	119
204	119
205	119
206	119
207	119
208	119
209	119
210	119
211	119
212	119
213	119
214	119
215	119
216	119
217	119
74	120
75	120
76	120
77	120
78	120
79	120
80	120
81	120
82	120
83	120
84	120
85	120
86	120
87	120
88	120
89	120
90	120
91	120
92	120
93	120
94	120
95	120
96	120
97	120
98	120
99	120
100	120
101	120
102	120
103	120
104	120
105	120
106	120
107	120
108	120
109	120
110	120
111	120
112	120
113	120
114	120
115	120
116	120
117	120
118	120
119	120
120	120
121	120
122	120
123	120
124	120
125	120
126	120
127	120
128	120
129	120
130	120
131	120
132	120
133	120
134	120
135	120
136	120
137	120
138	120
139	120
140	120
141	120
142	120
143	120
144	120
145	120
146	120
147	120
148	120
149	120
150	120
151	120
152	120
153	120
154	120
155	120
156	120
157	120
158	120
159	120
160	120
161	120
162	120
163	120
164	120
165	120
166	120
167	120
168	120
169	120
170	120
171	120
172	120
173	120
174	120
175	120
176	120
177	120
178	120
179	120
180	120
181	120
182	120
183	120
184	120
185	120
186	120
187	120
188	120
189	120
190	120
191	120
192	120
193	120
194	120
195	120
196	120
197	120
198	120
199	120
200	120
201	120
202	120
203	120
204	120
205	120
206	120
207	120
208	120
209	120
210	120
211	120
212	120
213	120
214	120
215	120
216	120
74	121
75	121
76	121
77	121
78	121
79	121
80	121
81	121
82	121
83	121
84	121
85	121
86	121
87	121
88	121
89	121
90	121
91	121
92	121
93	121
94	121
95	121
96	121
97	121
98	121
99	121
100	121
101	121
102	121
103	121
104	121
105	121
106	121
107	121
108	121
109	121
110	121
111	121
112	121
113	121
114	121
115	121
116	121
117	121
118	121
119	121
120	121
121	121
122	121
123	121
124	121
125	121
126	121
127	121
128	121
129	121
130	121
131	121
132	121
133	121
134	121
135	121
136	121
137	121
138	121
139	121
140	121
141	121
142	121
143	121
144	121
145	121
146	121
147	121
148	121
149	121
150	121
151	121
152	121
153	121
154	121
155	121
156	121
157	121
158	121
159	121
160	121
161	121
162	121
163	121
164	121
165	121
166	121
167	121
168	121
169	121
170	121
171	121
172	121
173	121
174	121
175	121
176	121
177	121
178	121
179	121
180	121
181	121
182	121
183	121
184	121
185	121
186	121
187	121
188	121
189	121
190	121
191	121
192	121
193	121
194	121
195	121
196	121
197	121
198	121
199	121
200	121
201	121
202	121
203	121
204	121
205	121
206	121
207	121
208	121
209	121
210	121
211	121
212	121
213	121
214	121
215	121
73	122
74	122
75	122
76	122
77	122
78	122
79	122
80	122
81	122
82	122
83	122
84	122
85	122
86	122
87	122
88	122
89	122
90	122
91	122
92	122
93	122
94	122
95	122
96	122
97	122
98	122
99	122
100	122
101	122
102	122
103	122
104	122
105	122
106	122
107	122
108	122
109	122
110	122
111	122
112	122
113	122
114	122
115	122
116	122
117	122
118	122
119	122
120	122
121	122
122	122
123	122
124	122
125	122
126	122
127	122
128	122
129	122
130	122
131	122
132	122
133	122
134	122
135	122
136	122
137	122
138	122
139	122
140	122
141	122
142	122
143	122
144	122
145	122
146	122
147	122
148	122
149	122
150	122
151	122
152	122
153	122
154	122
155	122
156	122
157	122
158	122
159	122
160	122
161	122
162	122
163	122
164	122
165	122
166	122
167	122
168	122
169	122
170	122
171	122
172	122
173	122
174	122
175	122
176	122
177	122
178	122
179	122
180	122
181	122
182	122
183	122
184	122
185	122
186	122
187	122
188	122
189	122
190	122
191	122
192	122
193	122
194	122
195	122
196	122
197	122
198	122
199	122
200	122
201	122
202	122
203	122
204	122
205	122
206	122
207	122
208	122
209	122
210	122
211	122
212	122
213	122
214	122
72	123
73	123
74	123
75	123
76	123
77	123
78	123
79	123
80	123
81	123
82	123
83	123
84	123
85	123
86	123
87	123
88	123
89	123
90	123
91	123
92	123
93	123
94	123
95	123
96	123
97	123
98	123
99	123
100	123
101	123
102	123
103	123
104	123
105	123
106	123
107	123
108	123
109	123
110	123
111	123
112	123
113	123
114	123
115	123
116	123
117	123
118	123
119	123
120	123
121	123
122	123
123	123
124	123
125	123
126	123
127	123
128	123
129	123
130	123
131	123
132	123
133	123
134	123
135	123
136	123
137	123
138	123
139	123
140	123
141	123
142	123
143	123
144	123
145	123
146	123
147	123
148	123
149	123
150	123
151	123
152	123
153	123
154	123
155	123
156	123
157	123
158	123
159	123
160	123
161	123
162	123
163	123
164	123
165	123
166	123
167	123
168	123
169	123
170	123
171	123
172	123
173	123
174	123
175	123
176	123
177	123
178	123
179	123
180	123
181	123
182	123
183	123
184	123
185	123
186	123
187	123
188	123
189	123
190	123
191	123
192	123
193	123
194	123
195	123
196	123
197	123
198	123
199	123
200	123
201	123
202	123
203	123
204	123
205	123
206	123
207	123
208	123
209	123
210	123
211	123
212	123
72	124
73	124
74	124
75	124
76	124
77	124
78	124
79	124
80	124
81	124
82	124
83	124
84	124
85	124
86	124
87	124
88	124
89	124
90	124
91	124
92	124
93	124
94	124
95	124
96	124
99	124
100	124
101	124
102	124
103	124
104	124
105	124
106	124
107	124
108	124
109	124
110	124
111	124
112	124
113	124
114	124
115	124
116	124
117	124
118	124
119	124
120	124
121	124
122	124
123	124
124	124
125	124
126	124
127	124
128	124
129	124
130	124
131	124
132	124
133	124
134	124
135	124
136	124
137	124
138	124
139	124
140	124
141	124
142	124
143	124
144	124
145	124
146	124
147	124
148	124
149	124
150	124
151	124
152	124
153	124
154	124
155	124
156	124
157	124
158	124
159	124
160	124
161	124
162	124
163	124
164	124
165	124
166	124
167	124
168	124
169	124
170	124
171	124
172	124
173	124
174	124
175	124
176	124
177	124
178	124
179	124
180	124
181	124
182	124
183	124
184	124
185	124
186	124
187	124
188	124
189	124
190	124
191	124
192	124
193	124
194	124
195	124
196	124
197	124
198	124
199	124
200	124
201	124
202	124
203	124
204	124
205	124
206	124
207	124
72	125
73	125
74	125
75	125
76	125
77	125
78	125
79	125
80	125
81	125
82	125
83	125
84	125
85	125
86	125
87	125
88	125
89	125
90	125
91	125
92	125
93	125
94	125
95	125
96	125
111	125
112	125
113	125
114	125
115	125
116	125
117	125
118	125
119	125
120	125
121	125
122	125
123	125
124	125
125	125
126	125
127	125
128	125
129	125
130	125
131	125
132	125
133	125
134	125
135	125
136	125
137	125
138	125
139	125
140	125
141	125
142	125
143	125
144	125
145	125
146	125
147	125
148	125
149	125
150	125
151	125
152	125
153	125
154	125
155	125
156	125
157	125
158	125
159	125
160	125
161	125
162	125
163	125
164	125
165	125
166	125
167	125
168	125
169	125
170	125
171	125
172	125
173	125
174	125
175	125
176	125
177	125
178	125
179	125
180	125
181	125
182	125
183	125
184	125
185	125
186	125
187	125
188	125
189	125
190	125
191	125
192	125
193	125
194	125
195	125
196	125
197	125
198	125
199	125
200	125
201	125
202	125
203	125
204	125
205	125
206	125
207	125
71	126
72	126
73	126
74	126
75	126
76	126
77	126
78	126
79	126
80	126
81	126
82	126
83	126
84	126
85	126
86	126
87	126
88	126
89	126
90	126
91	126
92	126
93	126
94	126
95	126
96	126
112	126
113	126
114	126
115	126
116	126
117	126
118	126
119	126
120	126
121	126
122	126
123	126
124	126
125	126
126	126
127	126
128	126
129	126
130	126
131	126
132	126
133	126
134	126
135	126
136	126
137	126
138	126
139	126
140	126
141	126
142	126
143	126
144	126
145	126
146	126
147	126
148	126
149	126
150	126
151	126
152	126
153	126
154	126
155	126
156	126
157	126
158	126
159	126
160	126
161	126
162	126
163	126
164	126
165	126
166	126
167	126
168	126
169	126
170	126
171	126
172	126
173	126
174	126
175	126
176	126
177	126
178	126
179	126
180	126
181	126
182	126
183	126
184	126
185	126
186	126
187	126
188	126
189	126
190	126
191	126
192	126
193	126
194	126
195	126
196	126
197	126
198	126
199	126
200	126
201	126
202	126
203	126
204	126
205	126
206	126
207	126
71	127
72	127
73	127
74	127
75	127
76	127
77	127
78	127
79	127
80	127
81	127
82	127
83	127
84	127
85	127
86	127
87	127
88	127
89	127
90	127
91	127
92	127
93	127
94	127
95	127
96	127
113	127
114	127
115	127
116	127
117	127
118	127
119	127
120	127
121	127
122	127
123	127
124	127
125	127
126	127
127	127
128	127
129	127
130	127
131	127
132	127
133	127
134	127
135	127
136	127
137	127
138	127
139	127
140	127
141	127
142	127
143	127
144	127
145	127
146	127
147	127
148	127
149	127
150	127
151	127
152	127
153	127
154	127
155	127
156	127
157	127
158	127
159	127
160	127
161	127
162	127
163	127
164	127
165	127
166	127
167	127
168	127
169	127
170	127
171	127
172	127
173	127
174	127
175	127
176	127
177	127
178	127
179	127
180	127
181	127
182	127
183	127
184	127
185	127
186	127
187	127
188	127
189	127
190	127
191	127
192	127
193	127
194	127
195	127
196	127
197	127
198	127
199	127
200	127
201	127
202	127
203	127
204	127
205	127
206	127
207	127
71	128
72	128
73	128
74	128
75	128
76	128
77	128
78	128
79	128
80	128
81	128
82	128
83	128
84	128
85	128
86	128
87	128
88	128
89	128
90	128
91	128
92	128
93	128
94	128
95	128
96	128
114	128
115	128
116	128
117	128
118	128
119	128
120	128
121	128
122	128
123	128
124	128
125	128
126	128
127	128
128	128
129	128
130	128
131	128
132	128
133	128
134	128
135	128
136	128
137	128
138	128
139	128
140	128
141	128
142	128
143	128
144	128
145	128
146	128
147	128
148	128
149	128
150	128
151	128
152	128
153	128
154	128
155	128
156	128
157	128
158	128
159	128
160	128
161	128
162	128
163	128
164	128
165	128
166	128
167	128
168	128
169	128
170	128
171	128
172	128
173	128
174	128
175	128
176	128
177	128
178	128
179	128
180	128
181	128
182	128
183	128
184	128
185	128
186	128
187	128
188	128
189	128
190	128
191	128
192	128
193	128
194	128
195	128
196	128
197	128
198	128
199	128
200	128
201	128
202	128
203	128
204	128
205	128
206	128
70	129
71	129
72	129
73	129
74	129
75	129
76	129
77	129
78	129
79	129
80	129
81	129
82	129
83	129
84	129
85	129
86	129
87	129
88	129
89	129
90	129
91	129
92	129
93	129
94	129
95	129
116	129
117	129
118	129
119	129
120	129
121	129
122	129
123	129
124	129
125	129
126	129
127	129
128	129
129	129
130	129
131	129
132	129
133	129
134	129
135	129
136	129
137	129
138	129
139	129
140	129
141	129
142	129
143	129
144	129
145	129
146	129
147	129
148	129
149	129
150	129
151	129
152	129
153	129
154	129
155	129
156	129
157	129
158	129
159	129
160	129
161	129
162	129
163	129
164	129
165	129
166	129
167	129
168	129
169	129
170	129
171	129
172	129
173	129
174	129
175	129
176	129
177	129
178	129
179	129
180	129
181	129
182	129
183	129
184	129
185	129
186	129
187	129
188	129
189	129
190	129
191	129
192	129
193	129
194	129
195	129
196	129
197	129
198	129
199	129
200	129
201	129
202	129
203	129
204	129
205	129
206	129
70	130
71	130
72	130
73	130
74	130
75	130
76	130
77	130
78	130
79	130
80	130
81	130
82	130
83	130
84	130
85	130
86	130
87	130
88	130
89	130
90	130
91	130
92	130
93	130
94	130
95	130
117	130
118	130
119	130
120	130
121	130
122	130
123	130
124	130
125	130
126	130
127	130
128	130
129	130
130	130
131	130
132	130
133	130
134	130
135	130
136	130
137	130
138	130
139	130
140	130
141	130
142	130
143	130
144	130
145	130
146	130
147	130
148	130
149	130
150	130
151	130
152	130
153	130
154	130
155	130
156	130
157	130
158	130
159	130
160	130
161	130
162	130
163	130
164	130
165	130
166	130
167	130
168	130
169	130
170	130
171	130
172	130
173	130
174	130
175	130
176	130
177	130
178	130
179	130
180	130
181	130
182	130
183	130
184	130
185	130
186	130
187	130
188	130
189	130
190	130
191	130
192	130
193	130
194	130
195	130
196	130
197	130
198	130
199	130
200	130
201	130
202	130
203	130
204	130
205	130
206	130
70	131
71	131
72	131
73	131
74	131
75	131
76	131
77	131
78	131
79	131
80	131
81	131
82	131
83	131
84	131
85	131
86	131
87	131
88	131
89	131
90	131
91	131
92	131
93	131
94	131
95	131
119	131
120	131
121	131
122	131
123	131
124	131
125	131
126	131
127	131
128	131
129	131
130	131
131	131
132	131
133	131
134	131
135	131
136	131
137	131
138	131
139	131
140	131
141	131
142	131
143	131
144	131
145	131
146	131
147	131
148	131
149	131
150	131
151	131
152	131
153	131
154	131
155	131
156	131
157	131
158	131
159	131
160	131
161	131
162	131
163	131
164	131
165	131
166	131
167	131
168	131
169	131
170	131
171	131
172	131
173	131
174	131
175	131
176	131
177	131
178	131
179	131
180	131
181	131
182	131
183	131
184	131
185	131
186	131
187	131
188	131
189	131
190	131
191	131
192	131
193	131
194	131
195	131
196	131
197	131
198	131
199	131
200	131
201	131
202	131
203	131
204	131
205	131
70	132
71	132
72	132
73	132
74	132
75	132
76	132
77	132
78	132
79	132
80	132
81	132
82	132
83	132
84	132
85	132
86	132
87	132
88	132
89	132
90	132
91	132
92	132
93	132
94	132
95	132
121	132
122	132
123	132
124	132
125	132
126	132
127	132
128	132
129	132
130	132
131	132
132	132
133	132
134	132
135	132
136	132
137	132
138	132
139	132
140	132
141	132
142	132
143	132
144	132
145	132
146	132
147	132
148	132
149	132
150	132
151	132
152	132
153	132
154	132
155	132
156	132
157	132
158	132
159	132
160	132
161	132
162	132
163	132
164	132
165	132
166	132
167	132
168	132
169	132
170	132
171	132
172	132
173	132
174	132
175	132
176	132
177	132
178	132
179	132
180	132
181	132
182	132
183	132
184	132
185	132
186	132
187	132
188	132
189	132
190	132
191	132
192	132
193	132
194	132
195	132
196	132
197	132
198	132
199	132
200	132
201	132
202	132
203	132
204	132
205	132
70	133
71	133
72	133
73	133
74	133
75	133
76	133
77	133
78	133
79	133
80	133
81	133
82	133
83	133
84	133
85	133
86	133
87	133
88	133
89	133
90	133
91	133
92	133
93	133
94	133
125	133
126	133
127	133
128	133
129	133
130	133
131	133
132	133
133	133
134	133
135	133
136	133
137	133
138	133
139	133
140	133
141	133
142	133
143	133
144	133
145	133
146	133
147	133
148	133
149	133
150	133
151	133
152	133
153	133
154	133
155	133
156	133
157	133
158	133
159	133
160	133
161	133
162	133
163	133
164	133
165	133
166	133
167	133
168	133
169	133
170	133
171	133
172	133
173	133
174	133
175	133
176	133
177	133
178	133
179	133
180	133
181	133
182	133
183	133
184	133
185	133
186	133
187	133
188	133
189	133
190	133
191	133
192	133
193	133
194	133
195	133
196	133
197	133
198	133
199	133
200	133
201	133
202	133
203	133
204	133
70	134
71	134
72	134
73	134
74	134
75	134
76	134
77	134
78	134
79	134
80	134
81	134
82	134
83	134
84	134
85	134
86	134
87	134
88	134
89	134
90	134
91	134
92	134
93	134
94	134
127	134
128	134
129	134
130	134
131	134
132	134
133	134
134	134
135	134
136	134
137	134
138	134
139	134
140	134
141	134
142	134
143	134
144	134
145	134
146	134
147	134
148	134
149	134
150	134
151	134
152	134
153	134
154	134
155	134
156	134
157	134
158	134
159	134
160	134
161	134
162	134
163	134
164	134
165	134
166	134
167	134
168	134
169	134
170	134
171	134
172	134
173	134
174	134
175	134
176	134
177	134
178	134
179	134
180	134
181	134
182	134
183	134
184	134
185	134
186	134
187	134
188	134
189	134
190	134
191	134
192	134
193	134
194	134
195	134
196	134
197	134
198	134
199	134
200	134
201	134
202	134
203	134
204	134
69	135
70	135
71	135
72	135
73	135
74	135
75	135
76	135
77	135
78	135
79	135
80	135
81	135
82	135
83	135
84	135
85	135
86	135
87	135
88	135
89	135
90	135
91	135
92	135
93	135
94	135
133	135
134	135
135	135
136	135
137	135
138	135
139	135
140	135
141	135
142	135
143	135
144	135
145	135
146	135
147	135
148	135
149	135
150	135
151	135
152	135
153	135
154	135
155	135
156	135
157	135
158	135
159	135
160	135
161	135
162	135
163	135
164	135
165	135
166	135
167	135
168	135
169	135
170	135
171	135
172	135
173	135
174	135
175	135
176	135
177	135
178	135
179	135
180	135
181	135
182	135
183	135
184	135
185	135
186	135
187	135
188	135
189	135
190	135
191	135
192	135
193	135
194	135
195	135
196	135
197	135
198	135
199	135
200	135
201	135
202	135
203	135
69	136
70	136
71	136
72	136
73	136
74	136
75	136
76	136
77	136
78	136
79	136
80	136
81	136
82	136
83	136
84	136
85	136
86	136
87	136
88	136
89	136
90	136
91	136
92	136
93	136
94	136
134	136
135	136
136	136
137	136
138	136
139	136
140	136
141	136
142	136
143	136
144	136
145	136
146	136
147	136
148	136
149	136
150	136
151	136
152	136
153	136
154	136
155	136
156	136
157	136
158	136
159	136
160	136
161	136
162	136
163	136
164	136
165	136
166	136
167	136
168	136
169	136
170	136
171	136
172	136
173	136
174	136
175	136
176	136
177	136
178	136
179	136
180	136
181	136
182	136
183	136
184	136
185	136
186	136
187	136
188	136
189	136
190	136
191	136
192	136
193	136
194	136
195	136
196	136
197	136
198	136
199	136
200	136
201	136
202	136
68	137
69	137
70	137
71	137
72	137
73	137
74	137
75	137
76	137
77	137
78	137
79	137
80	137
81	137
82	137
83	137
84	137
85	137
86	137
87	137
88	137
89	137
90	137
91	137
92	137
93	137
137	137
138	137
139	137
140	137
141	137
142	137
143	137
144	137
145	137
146	137
147	137
148	137
149	137
150	137
151	137
152	137
153	137
154	137
155	137
156	137
157	137
158	137
159	137
160	137
161	137
162	137
163	137
164	137
165	137
166	137
167	137
168	137
169	137
170	137
171	137
172	137
173	137
174	137
175	137
176	137
177	137
178	137
179	137
180	137
181	137
182	137
183	137
184	137
185	137
186	137
187	137
188	137
189	137
190	137
191	137
192	137
193	137
194	137
195	137
196	137
197	137
198	137
199	137
200	137
68	138
69	138
70	138
71	138
72	138
73	138
74	138
75	138
76	138
77	138
78	138
79	138
80	138
81	138
82	138
83	138
84	138
85	138
86	138
87	138
88	138
89	138
90	138
91	138
92	138
93	138
142	138
143	138
144	138
145	138
146	138
147	138
148	138
149	138
150	138
151	138
152	138
153	138
154	138
155	138
156	138
157	138
158	138
159	138
160	138
161	138
162	138
163	138
164	138
165	138
166	138
167	138
168	138
169	138
170	138
171	138
172	138
173	138
174	138
175	138
176	138
177	138
178	138
179	138
180	138
181	138
182	138
183	138
184	138
185	138
186	138
187	138
188	138
189	138
190	138
191	138
192	138
193	138
194	138
195	138
196	138
197	138
198	138
67	139
68	139
69	139
70	139
71	139
72	139
73	139
74	139
75	139
76	139
77	139
78	139
79	139
80	139
81	139
82	139
83	139
84	139
85	139
86	139
87	139
88	139
89	139
90	139
91	139
92	139
143	139
144	139
145	139
146	139
147	139
148	139
149	139
150	139
151	139
152	139
153	139
154	139
155	139
156	139
157	139
158	139
159	139
160	139
161	139
162	139
163	139
164	139
165	139
166	139
167	139
168	139
169	139
170	139
171	139
172	139
173	139
174	139
175	139
176	139
177	139
178	139
179	139
180	139
181	139
182	139
183	139
184	139
185	139
186	139
187	139
188	139
189	139
190	139
191	139
192	139
193	139
194	139
195	139
196	139
197	139
67	140
68	140
69	140
70	140
71	140
72	140
73	140
74	140
75	140
76	140
77	140
78	140
79	140
80	140
81	140
82	140
83	140
84	140
85	140
86	140
87	140
88	140
89	140
90	140
91	140
143	140
144	140
145	140
146	140
147	140
148	140
149	140
150	140
151	140
152	140
153	140
154	140
155	140
156	140
157	140
158	140
159	140
160	140
161	140
162	140
163	140
164	140
165	140
166	140
167	140
168	140
169	140
170	140
171	140
172	140
173	140
174	140
175	140
176	140
177	140
178	140
179	140
180	140
181	140
182	140
183	140
184	140
185	140
186	140
187	140
188	140
189	140
190	140
191	140
192	140
193	140
194	140
195	140
196	140
67	141
68	141
69	141
70	141
71	141
72	141
73	141
74	141
75	141
76	141
77	141
78	141
79	141
80	141
81	141
82	141
83	141
84	141
85	141
86	141
87	141
88	141
89	141
90	141
143	141
144	141
145	141
146	141
147	141
148	141
149	141
150	141
151	141
152	141
153	141
154	141
155	141
156	141
157	141
158	141
159	141
160	141
161	141
162	141
163	141
164	141
165	141
166	141
167	141
168	141
169	141
170	141
171	141
172	141
173	141
174	141
175	141
176	141
177	141
178	141
179	141
180	141
181	141
182	141
183	141
184	141
185	141
186	141
187	141
188	141
189	141
190	141
191	141
192	141
193	141
194	141
195	141
66	142
67	142
68	142
69	142
70	142
71	142
72	142
73	142
74	142
75	142
76	142
77	142
78	142
79	142
80	142
81	142
82	142
83	142
84	142
85	142
86	142
87	142
88	142
89	142
144	142
145	142
146	142
147	142
148	142
149	142
150	142
151	142
152	142
153	142
154	142
155	142
156	142
157	142
158	142
159	142
160	142
161	142
162	142
163	142
164	142
165	142
166	142
167	142
168	142
169	142
170	142
171	142
172	142
173	142
174	142
175	142
176	142
177	142
178	142
179	142
180	142
181	142
182	142
183	142
184	142
185	142
186	142
187	142
188	142
189	142
190	142
191	142
192	142
66	143
67	143
68	143
69	143
70	143
71	143
72	143
73	143
74	143
75	143
76	143
77	143
78	143
79	143
80	143
81	143
82	143
83	143
84	143
85	143
86	143
87	143
88	143
144	143
145	143
146	143
147	143
148	143
149	143
150	143
151	143
152	143
153	143
154	143
155	143
156	143
157	143
158	143
159	143
160	143
161	143
162	143
163	143
164	143
165	143
166	143
167	143
168	143
169	143
170	143
171	143
172	143
173	143
174	143
175	143
176	143
177	143
178	143
179	143
180	143
181	143
182	143
183	143
184	143
185	143
186	143
187	143
188	143
189	143
66	144
67	144
68	144
69	144
70	144
71	144
72	144
73	144
74	144
75	144
76	144
77	144
78	144
79	144
80	144
81	144
82	144
83	144
84	144
85	144
86	144
87	144
145	144
146	144
147	144
148	144
149	144
150	144
151	144
152	144
153	144
154	144
155	144
156	144
157	144
158	144
159	144
160	144
161	144
162	144
163	144
164	144
165	144
166	144
167	144
168	144
169	144
170	144
171	144
172	144
173	144
174	144
175	144
176	144
177	144
178	144
179	144
180	144
181	144
182	144
183	144
184	144
66	145
67	145
68	145
69	145
70	145
71	145
72	145
73	145
74	145
75	145
76	145
77	145
78	145
79	145
80	145
81	145
82	145
83	145
84	145
85	145
86	145
145	145
146	145
147	145
148	145
149	145
150	145
151	145
152	145
153	145
154	145
155	145
156	145
157	145
158	145
159	145
160	145
161	145
162	145
163	145
164	145
165	145
166	145
167	145
168	145
169	145
170	145
171	145
172	145
173	145
174	145
175	145
176	145
177	145
178	145
179	145
180	145
181	145
65	146
66	146
67	146
68	146
69	146
70	146
71	146
72	146
73	146
74	146
75	146
76	146
77	146
78	146
79	146
80	146
81	146
82	146
83	146
84	146
85	146
86	146
146	146
147	146
148	146
149	146
150	146
151	146
152	146
153	146
154	146
155	146
156	146
157	146
158	146
159	146
160	146
161	146
162	146
163	146
164	146
165	146
166	146
167	146
168	146
169	146
170	146
171	146
172	146
173	146
174	146
175	146
176	146
177	146
178	146
179	146
65	147
66	147
67	147
68	147
69	147
70	147
71	147
72	147
73	147
74	147
75	147
76	147
77	147
78	147
79	147
80	147
81	147
82	147
83	147
84	147
85	147
86	147
147	147
148	147
149	147
150	147
151	147
152	147
153	147
154	147
155	147
156	147
157	147
158	147
159	147
160	147
161	147
162	147
163	147
164	147
165	147
166	147
167	147
168	147
169	147
170	147
171	147
172	147
173	147
174	147
175	147
64	148
65	148
66	148
67	148
68	148
69	148
70	148
71	148
72	148
73	148
74	148
75	148
76	148
77	148
78	148
79	148
80	148
81	148
82	148
83	148
84	148
85	148
86	148
149	148
150	148
151	148
152	148
153	148
154	148
155	148
156	148
157	148
158	148
159	148
160	148
161	148
162	148
163	148
164	148
165	148
166	148
167	148
168	148
169	148
170	148
64	149
65	149
66	149
67	149
68	149
69	149
70	149
71	149
72	149
73	149
74	149
75	149
76	149
77	149
78	149
79	149
80	149
81	149
82	149
83	149
84	149
85	149
86	149
151	149
152	149
153	149
154	149
155	149
156	149
157	149
158	149
159	149
160	149
161	149
162	149
163	149
164	149
165	149
166	149
63	150
64	150
65	150
66	150
67	150
68	150
69	150
70	150
71	150
72	150
73	150
74	150
75	150
76	150
77	150
78	150
79	150
80	150
81	150
82	150
83	150
84	150
85	150
153	150
154	150
155	150
156	150
157	150
158	150
159	150
63	151
64	151
65	151
66	151
67	151
68	151
69	151
70	151
71	151
72	151
73	151
74	151
75	151
76	151
77	151
78	151
79	151
80	151
81	151
82	151
83	151
84	151
85	151
62	152
63	152
64	152
65	152
66	152
67	152
68	152
69	152
70	152
71	152
72	152
73	152
74	152
75	152
76	152
77	152
78	152
79	152
80	152
81	152
82	152
83	152
84	152
85	152
62	153
63	153
64	153
65	153
66	153
67	153
68	153
69	153
70	153
71	153
72	153
73	153
74	153
75	153
76	153
77	153
78	153
79	153
80	153
81	153
82	153
83	153
84	153
85	153
61	154
62	154
63	154
64	154
65	154
66	154
67	154
68	154
69	154
70	154
71	154
72	154
73	154
74	154
75	154
76	154
77	154
78	154
79	154
80	154
81	154
82	154
83	154
84	154
61	155
62	155
63	155
64	155
65	155
66	155
67	155
68	155
69	155
70	155
71	155
72	155
73	155
74	155
75	155
76	155
77	155
78	155
79	155
80	155
81	155
82	155
83	155
84	155
60	156
61	156
62	156
63	156
64	156
65	156
66	156
67	156
68	156
69	156
70	156
71	156
72	156
73	156
74	156
75	156
76	156
77	156
78	156
79	156
80	156
81	156
82	156
83	156
84	156
60	157
61	157
62	157
63	157
64	157
65	157
66	157
67	157
68	157
69	157
70	157
71	157
72	157
73	157
74	157
75	157
76	157
77	157
78	157
79	157
80	157
81	157
82	157
83	157
84	157
59	158
60	158
61	158
62	158
63	158
64	158
65	158
66	158
67	158
68	158
69	158
70	158
71	158
72	158
73	158
74	158
75	158
76	158
77	158
78	158
79	158
80	158
81	158
82	158
83	158
59	159
60	159
61	159
62	159
63	159
64	159
65	159
66	159
67	159
68	159
69	159
70	159
71	159
72	159
73	159
74	159
75	159
76	159
77	159
78	159
79	159
80	159
81	159
82	159
59	160
60	160
61	160
62	160
63	160
64	160
65	160
66	160
67	160
68	160
69	160
70	160
71	160
72	160
73	160
74	160
75	160
76	160
77	160
78	160
79	160
80	160
81	160
82	160
59	161
60	161
61	161
62	161
63	161
64	161
65	161
66	161
67	161
68	161
69	161
70	161
71	161
72	161
73	161
74	161
75	161
76	161
77	161
78	161
79	161
80	161
81	161
59	162
60	162
61	162
62	162
63	162
64	162
65	162
66	162
67	162
68	162
69	162
70	162
71	162
72	162
73	162
74	162
75	162
76	162
77	162
78	162
79	162
80	162
81	162
59	163
60	163
61	163
62	163
63	163
64	163
65	163
66	163
67	163
68	163
69	163
70	163
71	163
72	163
73	163
74	163
75	163
76	163
77	163
78	163
79	163
80	163
59	164
60	164
61	164
62	164
63	164
64	164
65	164
66	164
67	164
68	164
69	164
70	164
71	164
72	164
73	164
74	164
75	164
76	164
77	164
78	164
79	164
59	165
60	165
61	165
62	165
63	165
64	165
65	165
66	165
67	165
68	165
69	165
70	165
71	165
72	165
73	165
74	165
75	165
76	165
77	165
78	165
59	166
60	166
61	166
62	166
63	166
64	166
65	166
66	166
67	166
68	166
69	166
70	166
71	166
72	166
73	166
74	166
75	166
76	166
77	166
78	166
60	167
61	167
62	167
63	167
64	167
65	167
66	167
67	167
68	167
69	167
70	167
71	167
72	167
73	167
74	167
75	167
76	167
77	167
61	168
62	168
63	168
64	168
65	168
66	168
67	168
68	168
69	168
70	168
71	168
72	168
73	168
74	168
75	168
76	168
62	169
63	169
64	169
65	169
66	169
67	169
68	169
69	169
70	169
71	169
72	169
73	169
74	169
64	170
65	170
66	170
67	170
68	170
69	170
70	170
71	170
72	170