11	7
12	7
13	7
14	7
15	7
16	7
17	7
18	7
19	7
20	7
21	7
22	7
23	7
24	7
25	7
26	7
27	7
28	7
29	7
30	7
31	7
32	7
9	8
10	8
11	8
12	8
30	8
31	8
32	8
33	8
34	8
35	8
36	8
37	8
38	8
39	8
40	8
9	9
10	9
34	9
35	9
36	9
37	9
38	9
39	9
40	9
41	9
42	9
43	9
8	10
9	10
41	10
42	10
43	10
44	10
45	10
46	10
47	10
8	11
9	11
44	11
45	11
46	11
47	11
48	11
49	11
50	11
7	12
8	12
48	12
49	12
50	12
51	12
52	12
7	13
8	13
51	13
52	13
53	13
7	14
8	14
52	14
53	14
54	14
7	15
8	15
54	15
55	15
56	15
7	16
8	16
55	16
56	16
57	16
7	17
8	17
56	17
57	17
7	18
8	18
57	18
58	18
7	19
8	19
57	19
58	19
70	19
71	19
72	19
73	19
74	19
75	19
76	19
77	19
78	19
7	20
8	20
58	20
59	20
67	20
68	20
69	20
70	20
71	20
72	20
73	20
74	20
75	20
76	20
77	20
78	20
79	20
80	20
81	20
82	20
7	21
8	21
58	21
59	21
64	21
65	21
66	21
67	21
68	21
80	21
81	21
82	21
83	21
84	21
85	21
86	21
8	22
59	22
62	22
63	22
64	22
65	22
84	22
85	22
86	22
87	22
88	22
89	22
90	22
8	23
59	23
60	23
61	23
62	23
63	23
88	23
89	23
90	23
91	23
92	23
93	23
8	24
9	24
59	24
60	24
61	24
91	24
92	24
93	24
94	24
8	25
9	25
93	25
94	25
95	25
96	25
8	26
9	26
94	26
95	26
96	26
97	26
98	26
9	27
10	27
97	27
98	27
99	27
100	27
9	28
10	28
99	28
100	28
101	28
9	29
10	29
100	29
101	29
102	29
10	30
11	30
101	30
102	30
103	30
10	31
11	31
103	31
104	31
105	31
11	32
104	32
105	32
106	32
11	33
12	33
105	33
106	33
107	33
11	34
12	34
13	34
106	34
107	34
108	34
12	35
13	35
107	35
108	35
13	36
14	36
108	36
109	36
13	37
14	37
109	37
110	37
14	38
15	38
110	38
111	38
14	39
15	39
110	39
111	39
15	40
16	40
111	40
112	40
16	41
17	41
111	41
112	41
17	42
18	42
112	42
17	43
18	43
112	43
18	44
19	44
112	44
19	45
20	45
112	45
19	46
20	46
21	46
112	46
20	47
21	47
22	47
112	47
21	48
22	48
23	48
111	48
112	48
22	49
23	49
24	49
111	49
112	49
23	50
24	50
25	50
111	50
112	50
24	51
25	51
26	51
110	51
111	51
26	52
27	52
109	52
110	52
27	53
28	53
108	53
109	53
110	53
28	54
29	54
30	54
107	54
108	54
109	54
29	55
30	55
31	55
106	55
107	55
108	55
30	56
31	56
32	56
105	56
106	56
107	56
32	57
33	57
104	57
105	57
106	57
33	58
34	58
35	58
36	58
102	58
103	58
104	58
105	58
34	59
35	59
36	59
37	59
101	59
102	59
103	59
36	60
37	60
38	60
39	60
99	60
100	60
101	60
102	60
38	61
39	61
40	61
41	61
98	61
99	61
100	61
40	62
41	62
42	62
43	62
96	62
97	62
98	62
99	62
41	63
42	63
43	63
44	63
45	63
94	63
95	63
96	63
97	63
44	64
45	64
46	64
47	64
92	64
93	64
94	64
95	64
46	65
47	65
48	65
49	65
89	65
90	65
91	65
92	65
93	65
48	66
49	66
50	66
51	66
52	66
85	66
86	66
87	66
88	66
89	66
90	66
50	67
51	67
52	67
53	67
54	67
55	67
84	67
85	67
86	67
87	67
88	67
53	68
54	68
55	68
56	68
57	68
83	68
84	68
85	68
86	68
87	68
88	68
56	69
57	69
85	69
86	69
87	69
88	69
89	69
90	69
56	70
57	70
89	70
90	70
91	70
55	71
56	71
90	71
91	71
55	72
56	72
91	72
92	72
55	73
56	73
91	73
92	73
55	74
56	74
90	74
91	74
56	75
57	75
88	75
89	75
90	75
91	75
56	76
57	76
58	76
84	76
85	76
86	76
87	76
88	76
89	76
90	76
54	77
55	77
56	77
57	77
58	77
84	77
85	77
86	77
87	77
51	78
52	78
53	78
54	78
55	78
84	78
85	78
86	78
87	78
48	79
49	79
50	79
51	79
52	79
53	79
86	79
87	79
88	79
89	79
90	79
46	80
47	80
48	80
49	80
50	80
89	80
90	80
91	80
92	80
93	80
44	81
45	81
46	81
47	81
91	81
92	81
93	81
94	81
95	81
42	82
43	82
44	82
45	82
94	82
95	82
96	82
97	82
39	83
40	83
41	83
42	83
43	83
44	83
95	83
96	83
97	83
98	83
99	83
38	84
39	84
40	84
41	84
97	84
98	84
99	84
100	84
36	85
37	85
38	85
39	85
99	85
100	85
101	85
102	85
34	86
35	86
36	86
37	86
38	86
100	86
101	86
102	86
103	86
33	87
34	87
35	87
102	87
103	87
104	87
32	88
33	88
34	88
104	88
105	88
106	88
31	89
32	89
105	89
106	89
107	89
29	90
30	90
31	90
106	90
107	90
108	90
28	91
29	91
30	91
107	91
108	91
109	91
27	92
28	92
29	92
108	92
109	92
110	92
25	93
26	93
27	93
109	93
110	93
24	94
25	94
26	94
110	94
111	94
23	95
24	95
25	95
111	95
112	95
22	96
23	96
24	96
111	96
112	96
21	97
22	97
23	97
112	97
20	98
21	98
22	98
112	98
19	99
20	99
21	99
112	99
19	100
20	100
112	100
18	101
19	101
112	101
17	102
18	102
112	102
16	103
17	103
18	103
112	103
16	104
17	104
111	104
112	104
15	105
16	105
111	105
112	105
14	106
15	106
110	106
111	106
14	107
15	107
110	107
111	107
13	108
14	108
109	108
110	108
12	109
13	109
14	109
108	109
109	109
12	110
13	110
107	110
108	110
109	110
11	111
12	111
107	111
108	111
11	112
12	112
105	112
106	112
107	112
11	113
12	113
104	113
105	113
106	113
10	114
11	114
103	114
104	114
105	114
10	115
11	115
101	115
102	115
103	115
104	115
9	116
10	116
100	116
101	116
102	116
9	117
10	117
98	117
99	117
100	117
101	117
9	118
10	118
97	118
98	118
99	118
100	118
8	119
9	119
95	119
96	119
97	119
98	119
8	120
9	120
60	120
61	120
94	120
95	120
96	120
8	121
9	121
60	121
61	121
62	121
91	121
92	121
93	121
94	121
95	121
8	122
9	122
59	122
60	122
61	122
62	122
63	122
88	122
89	122
90	122
91	122
92	122
93	122
8	123
59	123
60	123
62	123
63	123
64	123
65	123
86	123
87	123
88	123
89	123
90	123
8	124
58	124
59	124
64	124
65	124
66	124
67	124
81	124
82	124
83	124
84	124
85	124
86	124
87	124
7	125
8	125
58	125
59	125
66	125
67	125
68	125
69	125
70	125
71	125
72	125
73	125
74	125
75	125
76	125
77	125
78	125
79	125
80	125
81	125
82	125
83	125
84	125
7	126
8	126
58	126
59	126
69	126
70	126
71	126
72	126
73	126
74	126
75	126
76	126
7	127
8	127
57	127
58	127
7	128
8	128
56	128
57	128
7	129
8	129
56	129
57	129
7	130
8	130
54	130
55	130
56	130
7	131
8	131
53	131
54	131
55	131
7	132
8	132
51	132
52	132
53	132
7	133
8	133
48	133
49	133
50	133
51	133
52	133
7	134
8	134
45	134
46	134
47	134
48	134
49	134
50	134
8	135
9	135
39	135
40	135
41	135
42	135
43	135
44	135
45	135
46	135
47	135
9	136
10	136
35	136
36	136
37	136
38	136
39	136
40	136
41	136
42	136
43	136
9	137
10	137
11	137
12	137
28	137
29	137
30	137
31	137
32	137
33	137
34	137
35	137
36	137
37	137
38	137
11	138
12	138
13	138
14	138
15	138
16	138
17	138
18	138
19	138
20	138
21	138
22	138
23	138
24	138
25	138
26	138
27	138
28	138
29	138
30	138
31	138
32	138
33	138
34	138