-147 0
-93 -27
-69 -215
-170 -76
-173 -202
-165 -164
-220 -117
-227 -38
-162 40
-134 43
-87 -218
-72 -230
-87 -238
-68 -254
-88 -268
-125 -269
-221 -214
-218 -150
-217 -181
-210 -240
-195 -185
-181 -259
-178 -111
-180 -139
-197 -110
-207 -137
-220 -135
-230 -115
-233 -103
-231 -77
-218 -59
-204 -57
-219 -28
-224 -5
-185 31
-191 20
-197 7
-203 -20
-192 -85
-180 -92
-197 -104
-167 -42
-153 -36
-124 -28
-119 -11
-168 -7
-149 19
-107 42
-107 33
-92 32
-89 16
-110 15
-90 -8
-120 -216
-126 -216
-158 -44
-169 -100
-172 -49
-175 -213
-155 -268
-137 -229
-124 -269
-101 -227
-80 -272
-78 -252
-70 -232
-216 -228
-212 -224
-220 -223
-227 -204
-216 -203
-228 -191
-202 -197
-212 -215
-198 -225
-204 -240
-195 -248
-202 -249
-193 -256
-183 -239
-182 -239
-179 -244
-169 -266
-165 -245
-173 -221
-174 -215
-180 -191
-183 -194
-189 -220
-191 -206
-189 -176
-182 -161
-178 -151
-167 -150
-166 -142
-165 -158
-166 -134
-167 -127
-167 -119
-176 -117
-178 -134
-183 -125
-216 -117
-193 -131
-215 -159
-196 -164
-209 -166
-206 -181
-230 -177
-221 -174
-233 -167
-218 -156
-235 -153
-235 -141
-235 -129
-234 -93
-233 -115
-231 -91
-218 -86
-210 -81
-199 -95
-201 -63
-207 -79
-208 -75
-229 -52
-232 -66
-233 -79
-233 -48
-225 -47
-230 -31
-222 -30
-226 -23
-221 -17
-204 20
-218 8
-212 5
-219 -5
-198 -7
-203 -8
-215 -48
-183 -40
-188 -29
-171 -15
-174 -9
-174 5
-195 18
-170 38
-170 23
-169 15
-170 -6
-165 -29
-164 -51
-168 -55
-169 -61
-170 -67
-178 -53
-188 -54
-193 -57
-193 -94
-188 -77
-177 -77
-169 -85
-169 -92
-169 -104
-169 -111
-164 -174
-161 -182
-160 -47
-160 -35
-158 -190
-155 -40
-129 -28
-134 -28
-140 -28
-145 -30
-151 -32
-162 -18
-138 -15
-138 -9
-143 3
-139 23
-145 27
-148 43
-124 43
-133 30
-137 22
-123 22
-132 18
-131 3
-124 -13
-114 3
-97 5
-122 24
-103 25
-102 33
-116 42
-96 42
-93 39
-91 23
-93 22
-89 10
-89 2
-89 -4
-90 -12
-94 -8
-107 -11
-108 -5
-121 -17
-119 -28
-113 -28
-108 -28
-101 -27
-99 -21
-90 -18
-89 -23
-74 -216
-77 -217
-70 -218
-86 -219
-72 -227
-86 -227
-102 -228
-89 -216
-97 -216
-102 -216
-109 -216
-114 -216
-133 -214
-139 -212
-144 -210
-149 -204
-156 -197
-164 -209
-160 -225
-159 -231
-153 -233
-149 -220
-142 -230
-140 -222
-117 -234
-119 -237
-123 -250
-131 -235
-156 -251
-161 -247
-164 -249
-155 -259
-150 -270
-144 -252
-140 -257
-138 -269
-136 -257
-109 -269
-99 -269
-112 -268
-114 -255
-112 -252
-105 -244
-83 -244
-68 -246
-98 -253
-89 -254
-97 -257
-80 -259
-70 -265
-236 -120
-236 -112
-236 -104
-236 -96
-236 -87
-235 -78
-235 -72
-235 -65
-235 -57
-233 -41
-229 -21
-227 -11
-222 2
-213 14
-200 27
-191 31
-181 36
-153 31
-161 27
-156 9
-151 -9
-192 -46
-202 -44
-209 -13
-191 -13
-220 -153
-204 -200
-173 -245
-169 -257
-84 -23
-80 -20
-84 -15
-83 -12
-79 -5
-80 3
-80 10
-80 17
-80 24
-80 30
-80 36
-80 40
-87 44
-77 -17
-77 -10
-87 16
-83 29
-88 31
-119 19
-111 14
-107 10
-118 -28
-133 -26
-119 -14
-138 -22
-154 -23
-190 -24
-212 -104
-217 -105
-199 -143
-227 -144
-200 -151
-197 -151
-185 -173
-179 -180
-189 -230
-194 -233
-129 -244
-125 -245
-116 -243
-68 -225
-67 -236
-66 -246
-66 -259
-69 -269
-117 -273
-109 -274
-104 -273
-96 -274
-87 -274
-142 -275
-135 -275
-126 -276
-184 -262
-177 -265
-170 -270
-163 -273
-153 -275
