-154 -87
-153 -67
-266 -54
-226 -44
-298 10
-240 48
-174 83
-113 60
-131 51
-46 15
71 -4
-122 -51
-32 -64
-4 -76
-102 -83
-252 -86
-234 -84
-200 -114
-155 -103
-139 -97
-125 -76
-158 -55
-164 -11
-249 -41
-255 0
-259 -69
-237 4
-355 31
-227 41
-313 51
-224 71
-249 113
-184 91
-218 82
-151 81
-194 65
-185 44
-159 38
-98 45
-53 60
-16 72
-109 80
-90 80
1 116
41 116
104 76
149 62
-16 54
26 47
116 17
75 20
63 39
-6 25
-54 41
-74 10
-125 -30
-87 -124
-68 -89
50 -17
55 5
134 3
-226 -108
-244 -98
-213 -96
-216 -65
-237 -62
-197 -45
-180 -59
-200 -68
-208 -77
-198 -92
-174 -114
-173 -99
-150 -117
-128 -107
-125 -118
-102 -122
-99 -114
-101 -53
-111 -97
-117 -76
-139 -45
-147 -38
-172 -79
-220 -16
-207 -33
-191 -26
-167 -29
-98 -28
-112 -2
-137 -10
-138 9
-164 10
-184 -12
-201 10
-282 -7
-264 -20
-248 -24
-229 -28
-292 -28
-277 -38
-314 -23
-335 -16
-299 -9
-348 -4
-318 1
-333 9
-352 13
-339 25
-316 26
-294 38
-276 19
-264 41
-276 51
-289 53
-329 40
-348 49
-358 49
-331 58
-358 68
-342 69
-358 81
-342 81
-325 81
-259 100
-265 86
-304 82
-282 80
-306 68
-266 63
-237 68
-243 83
-231 86
-233 108
-234 121
-220 122
-204 119
-191 111
-184 101
-209 98
-130 81
-132 69
-112 36
-132 35
-142 56
-155 68
-179 55
-219 48
-244 24
-218 20
-205 34
-186 27
-161 26
-114 15
-98 26
-79 37
-18 38
11 23
37 35
37 63
14 65
6 47
-34 62
-75 54
-92 64
2 67
-35 77
-49 78
-69 79
-19 88
-12 103
23 122
24 104
13 99
31 91
7 81
31 74
51 63
65 74
45 78
62 90
54 104
71 78
87 76
150 75
127 74
139 73
72 60
147 41
129 55
118 43
106 53
95 57
85 45
52 26
73 31
91 25
106 38
127 23
142 21
103 -2
89 -3
112 -9
125 -14
105 -29
85 -30
64 -30
23 -19
37 -6
68 0
37 20
17 3
-5 2
-21 -5
-25 12
-65 -7
-86 0
-76 -30
-51 -13
-46 -26
-15 -12
-2 -15
22 -25
-54 -45
-58 -63
-63 -39
-72 -53
-81 -77
-90 -62
-79 -95
-73 -122
-66 -109
-51 -79
-50 -123
-46 -96
-34 -112
-36 -83
-18 -76
-19 -51
-41 -50
-30 -34
41 -31
8 -36
-12 -42
22 -42
8 -60
-13 -91
-87 -45
