477	1
478	1
479	1
475	2
476	2
477	2
479	2
474	3
476	3
477	3
479	3
480	3
481	3
482	3
474	4
481	4
483	4
472	5
473	5
474	5
475	5
482	5
483	5
472	6
474	6
482	6
471	7
473	7
483	7
484	7
485	7
470	8
471	8
472	8
484	8
469	9
485	9
486	9
468	10
484	10
486	10
468	11
487	11
467	12
469	12
485	12
486	12
466	13
468	13
486	13
487	13
465	14
487	14
464	15
465	15
466	15
486	15
463	16
488	16
462	17
463	17
461	18
488	18
489	18
460	19
461	19
489	19
459	20
460	20
462	20
489	20
460	21
461	21
488	21
490	21
458	22
460	22
489	22
458	23
489	23
490	23
456	24
457	24
489	24
490	24
455	25
490	25
491	25
454	26
456	26
457	26
454	27
455	27
456	27
490	27
455	28
490	28
491	28
492	28
453	29
454	29
491	29
451	30
452	30
491	30
492	30
450	31
452	31
492	31
449	32
451	32
492	32
448	33
450	33
491	33
492	33
493	33
447	34
449	34
450	34
447	35
448	35
492	35
446	36
493	36
445	37
446	37
447	37
492	37
444	38
446	38
492	38
493	38
443	39
445	39
494	39
495	39
443	40
445	40
495	40
497	40
441	41
443	41
444	41
495	41
496	41
498	41
441	42
443	42
497	42
499	42
440	43
441	43
442	43
498	43
500	43
439	44
499	44
500	44
439	45
501	45
437	46
439	46
437	47
438	47
439	47
500	47
502	47
436	48
437	48
502	48
435	49
437	49
502	49
436	50
501	50
503	50
433	51
434	51
435	51
503	51
432	52
433	52
502	52
431	53
433	53
503	53
430	54
432	54
433	54
430	55
432	55
503	55
429	56
431	56
502	56
503	56
341	57
429	57
430	57
501	57
502	57
338	58
339	58
341	58
342	58
344	58
428	58
429	58
501	58
503	58
337	59
338	59
339	59
341	59
342	59
343	59
427	59
428	59
502	59
336	60
337	60
339	60
343	60
344	60
425	60
427	60
428	60
500	60
501	60
335	61
336	61
337	61
338	61
344	61
345	61
424	61
426	61
500	61
334	62
344	62
345	62
424	62
425	62
426	62
499	62
501	62
334	63
335	63
346	63
347	63
423	63
424	63
425	63
499	63
500	63
334	64
345	64
347	64
422	64
423	64
497	64
498	64
332	65
333	65
334	65
346	65
347	65
421	65
423	65
498	65
331	66
333	66
348	66
421	66
422	66
497	66
331	67
347	67
420	67
421	67
497	67
498	67
329	68
330	68
332	68
347	68
349	68
419	68
498	68
328	69
331	69
348	69
349	69
418	69
420	69
328	70
329	70
330	70
348	70
417	70
418	70
497	70
327	71
329	71
348	71
497	71
498	71
326	72
327	72
328	72
349	72
350	72
415	72
416	72
417	72
497	72
498	72
325	73
326	73
327	73
349	73
414	73
415	73
498	73
324	74
326	74
349	74
413	74
416	74
323	75
325	75
326	75
350	75
351	75
413	75
414	75
498	75
499	75
323	76
325	76
350	76
351	76
412	76
498	76
499	76
322	77
324	77
350	77
351	77
411	77
413	77
321	78
350	78
410	78
411	78
499	78
321	79
322	79
351	79
409	79
411	79
498	79
499	79
319	80
320	80
352	80
408	80
409	80
410	80
498	80
318	81
320	81
351	81
407	81
408	81
410	81
498	81
499	81
318	82
319	82
351	82
406	82
408	82
499	82
500	82
317	83
318	83
352	83
406	83
498	83
499	83
500	83
317	84
351	84
352	84
353	84
405	84
407	84
499	84
316	85
353	85
404	85
406	85
500	85
315	86
316	86
352	86
353	86
404	86
405	86
500	86
313	87
353	87
402	87
403	87
312	88
314	88
352	88
401	88
403	88
404	88
499	88
500	88
312	89
314	89
352	89
353	89
354	89
401	89
402	89
499	89
500	89
311	90
313	90
354	90
400	90
401	90
402	90
499	90
500	90
310	91
312	91
353	91
354	91
399	91
401	91
499	91
500	91
310	92
311	92
353	92
354	92
398	92
400	92
499	92
500	92
309	93
310	93
353	93
398	93
499	93
500	93
307	94
308	94
309	94
354	94
355	94
396	94
397	94
398	94
499	94
500	94
306	95
307	95
308	95
353	95
355	95
395	95
397	95
499	95
500	95
305	96
308	96
354	96
395	96
396	96
397	96
499	96
500	96
305	97
306	97
307	97
355	97
394	97
395	97
499	97
393	98
394	98
499	98
304	99
354	99
392	99
302	100
304	100
354	100
355	100
391	100
393	100
499	100
500	100
302	101
303	101
354	101
356	101
390	101
392	101
500	101
301	102
302	102
303	102
354	102
355	102
356	102
389	102
390	102
392	102
500	102
299	103
301	103
356	103
388	103
389	103
391	103
500	103
300	104
301	104
355	104
356	104
390	104
499	104
500	104
298	105
300	105
355	105
388	105
389	105
499	105
223	106
297	106
299	106
355	106
356	106
386	106
499	106
220	107
221	107
223	107
224	107
225	107
296	107
297	107
298	107
355	107
356	107
385	107
386	107
499	107
500	107
219	108
220	108
222	108
223	108
225	108
226	108
295	108
297	108
355	108
356	108
384	108
387	108
500	108
219	109
224	109
226	109
294	109
295	109
296	109
297	109
357	109
383	109
385	109
499	109
218	110
220	110
226	110
227	110
293	110
294	110
356	110
357	110
383	110
385	110
499	110
500	110
216	111
217	111
219	111
226	111
293	111
295	111
356	111
382	111
384	111
500	111
216	112
217	112
218	112
228	112
292	112
294	112
383	112
499	112
216	113
228	113
291	113
292	113
357	113
381	113
498	113
500	113
214	114
215	114
228	114
290	114
380	114
498	114
499	114
500	114
213	115
214	115
215	115
228	115
229	115
289	115
291	115
356	115
357	115
378	115
379	115
380	115
381	115
499	115
212	116
213	116
291	116
356	116
377	116
379	116
498	116
211	117
214	117
228	117
229	117
287	117
288	117
289	117
357	117
499	117
210	118
211	118
213	118
228	118
229	118
230	118
289	118
356	118
376	118
377	118
378	118
499	118
211	119
229	119
286	119
288	119
357	119
375	119
498	119
210	120
230	120
285	120
357	120
374	120
376	120
498	120
208	121
209	121
210	121
230	121
284	121
285	121
358	121
373	121
375	121
497	121
207	122
229	122
230	122
285	122
357	122
373	122
498	122
208	123
231	123
283	123
357	123
358	123
373	123
497	123
498	123
205	124
206	124
207	124
208	124
230	124
231	124
282	124
283	124
357	124
358	124
371	124
372	124
497	124
231	125
283	125
357	125
371	125
496	125
497	125
204	126
205	126
206	126
231	126
232	126
280	126
281	126
357	126
369	126
371	126
496	126
204	127
230	127
232	127
280	127
281	127
358	127
369	127
370	127
496	127
203	128
232	128
279	128
280	128
367	128
368	128
495	128
497	128
201	129
203	129
231	129
277	129
280	129
357	129
358	129
367	129
496	129
497	129
200	130
202	130
232	130
276	130
278	130
279	130
357	130
358	130
365	130
366	130
368	130
496	130
199	131
201	131
202	131
276	131
277	131
357	131
358	131
365	131
367	131
495	131
199	132
200	132
201	132
231	132
232	132
233	132
275	132
277	132
357	132
358	132
364	132
366	132
494	132
495	132
496	132
198	133
200	133
231	133
233	133
275	133
276	133
357	133
358	133
363	133
365	133
495	133
199	134
232	134
233	134
274	134
357	134
358	134
362	134
364	134
494	134
197	135
273	135
357	135
358	135
361	135
494	135
495	135
195	136
196	136
232	136
233	136
271	136
272	136
274	136
357	136
358	136
362	136
363	136
493	136
195	137
196	137
197	137
233	137
234	137
270	137
272	137
273	137
358	137
361	137
493	137
495	137
194	138
196	138
232	138
233	138
234	138
270	138
271	138
493	138
494	138
193	139
194	139
195	139
232	139
233	139
234	139
269	139
270	139
271	139
494	139
192	140
233	140
234	140
268	140
269	140
270	140
494	140
191	141
193	141
233	141
234	141
267	141
269	141
493	141
190	142
191	142
192	142
233	142
234	142
266	142
268	142
492	142
189	143
190	143
191	143
233	143
234	143
265	143
267	143
492	143
188	144
189	144
233	144
234	144
264	144
265	144
266	144
267	144
491	144
492	144
188	145
189	145
190	145
233	145
234	145
235	145
266	145
491	145
492	145
188	146
233	146
235	146
264	146
265	146
492	146
187	147
234	147
262	147
263	147
264	147
491	147
186	148
187	148
235	148
262	148
490	148
491	148
186	149
235	149
261	149
262	149
183	150
184	150
234	150
235	150
259	150
261	150
262	150
490	150
182	151
184	151
185	151
258	151
260	151
490	151
491	151
182	152
183	152
235	152
258	152
260	152
489	152
490	152
182	153
183	153
258	153
259	153
490	153
181	154
235	154
256	154
257	154
258	154
489	154
180	155
234	155
235	155
256	155
257	155
489	155
490	155
180	156
255	156
256	156
488	156
489	156
178	157
179	157
234	157
235	157
254	157
255	157
256	157
488	157
489	157
176	158
178	158
234	158
236	158
254	158
488	158
489	158
176	159
177	159
235	159
236	159
252	159
253	159
254	159
487	159
489	159
175	160
176	160
177	160
234	160
236	160
252	160
488	160
174	161
175	161
176	161
235	161
251	161
487	161
173	162
174	162
236	162
251	162
488	162
173	163
236	163
248	163
249	163
250	163
487	163
488	163
171	164
172	164
236	164
247	164
248	164
250	164
486	164
487	164
170	165
171	165
236	165
247	165
249	165
486	165
487	165
169	166
170	166
172	166
246	166
248	166
486	166
170	167
171	167
235	167
246	167
247	167
485	167
487	167
168	168
169	168
235	168
236	168
244	168
246	168
486	168
487	168
168	169
235	169
236	169
245	169
485	169
166	170
167	170
168	170
242	170
243	170
244	170
245	170
486	170
165	171
167	171
235	171
236	171
241	171
244	171
485	171
164	172
165	172
235	172
241	172
243	172
485	172
163	173
165	173
166	173
236	173
240	173
241	173
485	173
486	173
163	174
164	174
235	174
485	174
486	174
164	175
234	175
235	175
240	175
484	175
162	176
235	176
237	176
239	176
484	176
160	177
161	177
235	177
237	177
484	177
160	178
162	178
485	178
158	179
160	179
161	179
483	179
484	179
485	179
157	180
159	180
160	180
483	180
485	180
158	181
159	181
484	181
158	182
483	182
156	183
157	183
484	183
154	184
155	184
156	184
484	184
154	185
156	185
483	185
484	185
153	186
154	186
155	186
483	186
484	186
152	187
153	187
154	187
483	187
484	187
153	188
483	188
484	188
150	189
152	189
483	189
484	189
149	190
483	190
484	190
149	191
150	191
483	191
484	191
561	191
562	191
563	191
564	191
566	191
567	191
147	192
149	192
483	192
484	192
559	192
560	192
561	192
564	192
565	192
566	192
568	192
146	193
149	193
484	193
556	193
558	193
560	193
561	193
567	193
569	193
570	193
147	194
148	194
483	194
553	194
557	194
571	194
146	195
483	195
484	195
551	195
553	195
554	195
555	195
556	195
569	195
570	195
572	195
144	196
483	196
485	196
548	196
549	196
552	196
553	196
554	196
571	196
572	196
143	197
145	197
483	197
485	197
546	197
547	197
548	197
550	197
571	197
573	197
142	198
144	198
484	198
543	198
544	198
545	198
547	198
548	198
549	198
573	198
574	198
141	199
143	199
144	199
484	199
485	199
540	199
544	199
546	199
572	199
574	199
140	200
141	200
484	200
538	200
539	200
540	200
541	200
542	200
574	200
140	201
142	201
536	201
537	201
540	201
574	201
141	202
484	202
485	202
534	202
573	202
575	202
139	203
140	203
485	203
529	203
531	203
533	203
534	203
535	203
574	203
575	203
137	204
139	204
486	204
528	204
529	204
530	204
532	204
137	205
485	205
486	205
524	205
526	205
527	205
575	205
136	206
138	206
485	206
487	206
519	206
520	206
522	206
524	206
525	206
526	206
574	206
575	206
134	207
136	207
137	207
486	207
487	207
515	207
517	207
518	207
521	207
573	207
574	207
134	208
136	208
487	208
511	208
512	208
514	208
516	208
517	208
518	208
519	208
520	208
573	208
133	209
134	209
486	209
507	209
508	209
509	209
511	209
513	209
515	209
573	209
132	210
486	210
487	210
488	210
501	210
503	210
505	210
506	210
507	210
508	210
509	210
511	210
512	210
572	210
574	210
131	211
132	211
133	211
488	211
491	211
492	211
495	211
497	211
498	211
500	211
502	211
503	211
504	211
505	211
507	211
572	211
574	211
132	212
488	212
489	212
491	212
493	212
496	212
499	212
573	212
129	213
131	213
491	213
493	213
571	213
572	213
128	214
129	214
130	214
572	214
573	214
128	215
130	215
571	215
127	216
129	216
571	216
126	217
127	217
128	217
570	217
572	217
125	218
127	218
570	218
571	218
124	219
126	219
570	219
571	219
123	220
126	220
569	220
571	220
123	221
125	221
570	221
29	222
83	222
84	222
124	222
569	222
31	223
32	223
81	223
83	223
85	223
122	223
123	223
568	223
28	224
29	224
31	224
32	224
33	224
79	224
80	224
82	224
84	224
120	224
121	224
569	224
29	225
31	225
32	225
34	225
79	225
81	225
85	225
119	225
121	225
568	225
569	225
28	226
29	226
33	226
35	226
77	226
78	226
84	226
119	226
120	226
569	226
28	227
35	227
37	227
76	227
78	227
84	227
117	227
118	227
120	227
568	227
28	228
29	228
38	228
75	228
76	228
77	228
85	228
116	228
119	228
567	228
569	228
36	229
37	229
38	229
75	229
118	229
567	229
28	230
29	230
37	230
39	230
73	230
75	230
83	230
84	230
85	230
116	230
117	230
567	230
28	231
29	231
30	231
38	231
40	231
73	231
83	231
84	231
114	231
116	231
567	231
568	231
30	232
39	232
41	232
42	232
71	232
72	232
84	232
115	232
568	232
569	232
30	233
40	233
41	233
42	233
43	233
70	233
72	233
83	233
84	233
113	233
114	233
567	233
568	233
569	233
29	234
43	234
69	234
71	234
83	234
111	234
112	234
114	234
30	235
31	235
44	235
45	235
68	235
70	235
82	235
112	235
113	235
568	235
569	235
45	236
67	236
68	236
83	236
112	236
568	236
570	236
31	237
46	237
47	237
67	237
68	237
82	237
109	237
110	237
111	237
568	237
570	237
30	238
31	238
47	238
65	238
67	238
81	238
82	238
83	238
108	238
109	238
569	238
570	238
30	239
32	239
48	239
66	239
82	239
107	239
108	239
109	239
569	239
31	240
32	240
49	240
50	240
63	240
64	240
65	240
81	240
82	240
107	240
108	240
571	240
31	241
49	241
50	241
61	241
63	241
64	241
81	241
105	241
106	241
107	241
108	241
571	241
31	242
32	242
33	242
52	242
60	242
62	242
80	242
82	242
105	242
106	242
571	242
572	242
573	242
33	243
52	243
53	243
54	243
60	243
80	243
104	243
105	243
572	243
573	243
574	243
32	244
33	244
54	244
55	244
57	244
60	244
61	244
104	244
105	244
573	244
574	244
575	244
32	245
33	245
55	245
56	245
58	245
79	245
80	245
81	245
103	245
576	245
34	246
81	246
101	246
102	246
103	246
575	246
576	246
577	246
32	247
33	247
79	247
100	247
101	247
576	247
577	247
34	248
80	248
99	248
101	248
577	248
578	248
33	249
34	249
78	249
79	249
80	249
99	249
101	249
579	249
580	249
33	250
35	250
79	250
80	250
98	250
100	250
581	250
582	250
34	251
78	251
98	251
580	251
581	251
582	251
34	252
79	252
96	252
98	252
583	252
584	252
35	253
79	253
96	253
97	253
582	253
35	254
94	254
96	254
583	254
584	254
585	254
586	254
34	255
79	255
94	255
96	255
584	255
585	255
587	255
34	256
35	256
78	256
93	256
94	256
95	256
586	256
587	256
34	257
78	257
79	257
92	257
93	257
588	257
589	257
34	258
35	258
79	258
80	258
91	258
92	258
93	258
587	258
589	258
590	258
31	259
32	259
33	259
34	259
80	259
81	259
82	259
90	259
589	259
29	260
30	260
31	260
33	260
80	260
82	260
83	260
84	260
90	260
91	260
589	260
590	260
591	260
26	261
28	261
30	261
32	261
82	261
84	261
85	261
87	261
89	261
90	261
591	261
23	262
25	262
28	262
87	262
89	262
592	262
593	262
18	263
23	263
26	263
592	263
593	263
15	264
16	264
17	264
19	264
21	264
22	264
592	264
594	264
12	265
13	265
16	265
18	265
593	265
10	266
11	266
12	266
14	266
15	266
594	266
5	267
6	267
7	267
9	267
11	267
593	267
3	268
4	268
8	268
593	268
594	268
595	268
2	269
6	269
593	269
594	269
595	269
4	270
593	270
1	271
3	271
594	271
2	272
4	272
593	272
2	273
5	273
6	273
594	273
4	274
6	274
7	274
8	274
9	274
591	274
592	274
593	274
7	275
10	275
13	275
14	275
592	275
593	275
10	276
11	276
12	276
13	276
14	276
15	276
591	276
14	277
15	277
16	277
19	277
21	277
590	277
17	278
19	278
22	278
24	278
25	278
589	278
591	278
21	279
24	279
26	279
27	279
84	279
85	279
87	279
587	279
588	279
589	279
25	280
29	280
81	280
83	280
84	280
86	280
88	280
89	280
90	280
588	280
589	280
30	281
32	281
33	281
80	281
81	281
84	281
89	281
90	281
586	281
587	281
31	282
32	282
34	282
79	282
80	282
81	282
82	282
91	282
584	282
585	282
587	282
33	283
34	283
79	283
80	283
93	283
583	283
585	283
586	283
34	284
35	284
78	284
91	284
92	284
93	284
582	284
584	284
35	285
78	285
79	285
93	285
94	285
95	285
581	285
583	285
584	285
34	286
79	286
93	286
94	286
581	286
582	286
34	287
35	287
78	287
94	287
95	287
96	287
580	287
34	288
78	288
79	288
95	288
580	288
34	289
35	289
78	289
96	289
97	289
577	289
578	289
34	290
78	290
79	290
97	290
99	290
577	290
34	291
35	291
79	291
80	291
98	291
100	291
575	291
577	291
33	292
35	292
79	292
80	292
98	292
99	292
575	292
33	293
79	293
573	293
575	293
34	294
80	294
81	294
100	294
101	294
573	294
33	295
34	295
79	295
81	295
102	295
571	295
32	296
33	296
54	296
56	296
57	296
59	296
80	296
81	296
103	296
104	296
572	296
573	296
53	297
54	297
55	297
58	297
60	297
61	297
103	297
104	297
105	297
571	297
32	298
33	298
51	298
53	298
59	298
60	298
62	298
80	298
82	298
104	298
106	298
571	298
31	299
33	299
51	299
52	299
62	299
81	299
104	299
105	299
106	299
570	299
32	300
50	300
51	300
52	300
82	300
105	300
107	300
569	300
570	300
31	301
32	301
49	301
63	301
64	301
81	301
106	301
568	301
569	301
31	302
49	302
65	302
66	302
67	302
82	302
83	302
108	302
109	302
569	302
30	303
31	303
32	303
47	303
48	303
65	303
68	303
82	303
107	303
110	303
31	304
45	304
46	304
67	304
69	304
83	304
109	304
111	304
567	304
568	304
569	304
31	305
44	305
68	305
70	305
82	305
110	305
567	305
30	306
31	306
43	306
44	306
46	306
69	306
82	306
83	306
84	306
112	306
568	306
30	307
44	307
45	307
70	307
72	307
111	307
112	307
113	307
29	308
31	308
43	308
71	308
83	308
84	308
113	308
114	308
568	308
29	309
30	309
40	309
42	309
71	309
72	309
73	309
83	309
112	309
114	309
568	309
569	309
29	310
30	310
39	310
41	310
72	310
73	310
83	310
84	310
85	310
113	310
115	310
567	310
30	311
39	311
40	311
74	311
75	311
85	311
114	311
115	311
116	311
568	311
569	311
29	312
38	312
74	312
75	312
76	312
77	312
84	312
85	312
115	312
116	312
568	312
28	313
37	313
38	313
75	313
77	313
78	313
84	313
85	313
117	313
118	313
568	313
569	313
28	314
29	314
35	314
36	314
78	314
79	314
85	314
117	314
569	314
570	314
35	315
36	315
77	315
80	315
120	315
568	315
569	315
28	316
29	316
32	316
33	316
34	316
78	316
81	316
84	316
85	316
118	316
119	316
569	316
570	316
29	317
31	317
32	317
33	317
80	317
81	317
82	317
83	317
85	317
120	317
121	317
570	317
28	318
30	318
31	318
32	318
33	318
81	318
82	318
84	318
120	318
121	318
570	318
571	318
29	319
84	319
121	319
570	319
571	319
122	320
123	320
124	320
124	321
571	321
572	321
124	322
125	322
126	322
571	322
124	323
126	323
127	323
571	323
127	324
572	324
126	325
127	325
571	325
573	325
127	326
128	326
572	326
573	326
128	327
129	327
486	327
487	327
488	327
489	327
492	327
130	328
485	328
487	328
489	328
490	328
493	328
494	328
495	328
497	328
499	328
572	328
573	328
130	329
132	329
485	329
490	329
493	329
494	329
496	329
497	329
498	329
500	329
503	329
505	329
506	329
573	329
130	330
131	330
501	330
502	330
504	330
506	330
508	330
510	330
511	330
574	330
131	331
132	331
133	331
484	331
486	331
507	331
508	331
509	331
511	331
513	331
514	331
515	331
573	331
132	332
134	332
484	332
485	332
512	332
513	332
515	332
517	332
518	332
574	332
575	332
134	333
135	333
485	333
515	333
516	333
519	333
520	333
522	333
573	333
575	333
133	334
484	334
519	334
520	334
521	334
522	334
523	334
525	334
574	334
575	334
134	335
135	335
136	335
137	335
484	335
523	335
524	335
525	335
526	335
527	335
528	335
574	335
484	336
485	336
525	336
528	336
529	336
531	336
532	336
575	336
136	337
137	337
138	337
484	337
528	337
529	337
531	337
532	337
534	337
574	337
137	338
138	338
139	338
485	338
533	338
534	338
535	338
573	338
575	338
138	339
140	339
483	339
535	339
536	339
537	339
538	339
539	339
574	339
140	340
483	340
537	340
538	340
541	340
542	340
574	340
139	341
141	341
142	341
483	341
540	341
542	341
543	341
572	341
574	341
140	342
142	342
542	342
544	342
545	342
546	342
573	342
143	343
483	343
484	343
544	343
547	343
550	343
571	343
142	344
143	344
483	344
548	344
549	344
551	344
552	344
570	344
572	344
143	345
483	345
484	345
550	345
552	345
553	345
571	345
572	345
144	346
145	346
483	346
484	346
554	346
555	346
557	346
569	346
570	346
571	346
144	347
146	347
147	347
483	347
484	347
556	347
558	347
559	347
568	347
569	347
570	347
145	348
147	348
483	348
484	348
557	348
559	348
562	348
567	348
568	348
147	349
148	349
483	349
484	349
559	349
560	349
561	349
562	349
564	349
565	349
567	349
147	350
148	350
149	350
483	350
484	350
562	350
564	350
566	350
150	351
483	351
484	351
150	352
483	352
484	352
150	353
151	353
483	353
150	354
152	354
153	354
484	354
151	355
152	355
483	355
484	355
153	356
154	356
484	356
485	356
153	357
154	357
155	357
485	357
154	358
484	358
485	358
156	359
155	360
157	360
158	360
485	360
157	361
159	361
484	361
157	362
485	362
486	362
158	363
159	363
160	363
485	363
160	364
486	364
162	365
485	365
160	366
161	366
163	366
238	366
485	366
486	366
162	367
164	367
239	367
240	367
162	368
164	368
234	368
238	368
239	368
240	368
241	368
485	368
486	368
163	369
165	369
236	369
239	369
241	369
486	369
236	370
240	370
242	370
487	370
166	371
167	371
235	371
241	371
243	371
486	371
487	371
167	372
168	372
235	372
244	372
167	373
168	373
236	373
243	373
245	373
486	373
487	373
488	373
169	374
170	374
235	374
236	374
244	374
245	374
246	374
487	374
488	374
168	375
170	375
236	375
244	375
246	375
487	375
169	376
171	376
235	376
236	376
245	376
247	376
487	376
170	377
171	377
235	377
247	377
487	377
488	377
171	378
173	378
247	378
248	378
487	378
488	378
489	378
172	379
174	379
235	379
236	379
250	379
489	379
174	380
175	380
234	380
235	380
248	380
249	380
251	380
488	380
173	381
175	381
176	381
236	381
251	381
488	381
489	381
174	382
234	382
235	382
250	382
489	382
175	383
176	383
177	383
235	383
236	383
252	383
253	383
490	383
176	384
177	384
178	384
234	384
235	384
252	384
254	384
489	384
490	384
177	385
179	385
234	385
235	385
253	385
255	385
178	386
180	386
235	386
256	386
490	386
491	386
179	387
180	387
181	387
235	387
254	387
255	387
257	387
491	387
179	388
234	388
235	388
256	388
257	388
490	388
491	388
180	389
181	389
235	389
256	389
258	389
491	389
181	390
183	390
235	390
257	390
259	390
492	390
182	391
235	391
258	391
259	391
491	391
492	391
184	392
185	392
234	392
259	392
261	392
492	392
183	393
184	393
186	393
235	393
259	393
261	393
262	393
492	393
185	394
234	394
235	394
260	394
261	394
491	394
493	394
186	395
187	395
261	395
262	395
263	395
492	395
187	396
235	396
262	396
264	396
492	396
493	396
188	397
189	397
233	397
263	397
265	397
492	397
188	398
189	398
234	398
264	398
265	398
266	398
492	398
494	398
189	399
190	399
191	399
234	399
266	399
493	399
190	400
192	400
233	400
234	400
265	400
266	400
267	400
494	400
191	401
192	401
233	401
234	401
266	401
268	401
493	401
495	401
192	402
193	402
194	402
233	402
267	402
268	402
494	402
495	402
192	403
193	403
232	403
234	403
269	403
270	403
495	403
193	404
194	404
195	404
269	404
494	404
495	404
194	405
196	405
232	405
233	405
271	405
494	405
495	405
195	406
196	406
197	406
270	406
271	406
272	406
273	406
360	406
495	406
496	406
232	407
233	407
272	407
357	407
358	407
496	407
197	408
198	408
199	408
232	408
233	408
273	408
357	408
361	408
362	408
496	408
198	409
199	409
232	409
233	409
273	409
275	409
357	409
358	409
363	409
364	409
495	409
496	409
198	410
200	410
201	410
231	410
232	410
233	410
274	410
276	410
357	410
358	410
363	410
495	410
497	410
199	411
200	411
202	411
232	411
277	411
363	411
364	411
366	411
495	411
496	411
202	412
232	412
276	412
278	412
366	412
497	412
201	413
203	413
231	413
278	413
357	413
358	413
365	413
366	413
367	413
496	413
202	414
204	414
231	414
277	414
278	414
279	414
357	414
366	414
368	414
498	414
204	415
232	415
279	415
358	415
367	415
369	415
498	415
206	416
230	416
231	416
280	416
281	416
357	416
358	416
369	416
497	416
205	417
206	417
207	417
230	417
231	417
280	417
281	417
357	417
359	417
370	417
371	417
499	417
206	418
208	418
230	418
281	418
282	418
359	418
361	418
362	418
369	418
372	418
500	418
501	418
207	419
229	419
231	419
282	419
283	419
284	419
361	419
363	419
370	419
371	419
372	419
500	419
207	420
209	420
210	420
229	420
230	420
231	420
282	420
284	420
363	420
371	420
372	420
501	420
208	421
209	421
210	421
229	421
283	421
285	421
363	421
365	421
500	421
501	421
502	421
209	422
210	422
211	422
230	422
284	422
285	422
364	422
365	422
366	422
373	422
374	422
501	422
502	422
211	423
212	423
229	423
230	423
285	423
286	423
287	423
365	423
374	423
375	423
502	423
212	424
213	424
229	424
286	424
288	424
367	424
368	424
376	424
377	424
502	424
212	425
213	425
214	425
228	425
229	425
287	425
288	425
289	425
366	425
367	425
375	425
376	425
502	425
214	426
215	426
229	426
288	426
290	426
368	426
369	426
377	426
503	426
216	427
227	427
229	427
288	427
289	427
290	427
367	427
378	427
502	427
503	427
216	428
217	428
227	428
369	428
379	428
502	428
215	429
216	429
217	429
226	429
228	429
290	429
291	429
368	429
216	430
218	430
226	430
227	430
291	430
292	430
368	430
380	430
381	430
382	430
502	430
503	430
217	431
218	431
219	431
225	431
293	431
294	431
369	431
380	431
382	431
383	431
502	431
218	432
219	432
220	432
226	432
227	432
295	432
370	432
381	432
382	432
383	432
384	432
501	432
502	432
219	433
221	433
222	433
224	433
225	433
226	433
294	433
295	433
368	433
369	433
383	433
384	433
501	433
220	434
223	434
294	434
296	434
297	434
384	434
501	434
502	434
221	435
223	435
224	435
295	435
296	435
368	435
369	435
384	435
385	435
500	435
368	436
369	436
385	436
386	436
501	436
298	437
367	437
368	437
386	437
387	437
500	437
299	438
368	438
388	438
499	438
500	438
298	439
299	439
301	439
366	439
367	439
387	439
388	439
389	439
499	439
299	440
300	440
302	440
366	440
367	440
389	440
500	440
300	441
301	441
303	441
366	441
367	441
391	441
499	441
500	441
301	442
364	442
365	442
366	442
390	442
392	442
499	442
500	442
302	443
303	443
304	443
364	443
392	443
393	443
499	443
500	443
304	444
363	444
392	444
393	444
499	444
500	444
304	445
306	445
360	445
361	445
363	445
394	445
499	445
500	445
306	446
359	446
360	446
361	446
393	446
395	446
499	446
500	446
307	447
308	447
357	447
358	447
394	447
395	447
499	447
500	447
306	448
308	448
354	448
356	448
358	448
396	448
499	448
500	448
307	449
308	449
310	449
353	449
355	449
397	449
499	449
309	450
354	450
397	450
398	450
499	450
500	450
309	451
310	451
353	451
397	451
399	451
400	451
499	451
500	451
310	452
311	452
353	452
354	452
398	452
399	452
401	452
311	453
352	453
354	453
400	453
401	453
499	453
313	454
314	454
352	454
354	454
400	454
499	454
500	454
315	455
353	455
402	455
403	455
500	455
313	456
314	456
315	456
316	456
352	456
403	456
500	456
315	457
316	457
352	457
353	457
403	457
405	457
499	457
500	457
315	458
316	458
351	458
353	458
403	458
406	458
499	458
317	459
318	459
351	459
353	459
404	459
405	459
498	459
499	459
317	460
319	460
352	460
498	460
499	460
318	461
320	461
351	461
352	461
406	461
408	461
499	461
320	462
321	462
352	462
407	462
408	462
409	462
499	462
320	463
321	463
351	463
352	463
408	463
409	463
410	463
499	463
321	464
322	464
350	464
409	464
410	464
411	464
498	464
321	465
322	465
324	465
350	465
409	465
411	465
499	465
322	466
323	466
324	466
412	466
498	466
499	466
323	467
325	467
326	467
349	467
351	467
412	467
499	467
325	468
327	468
349	468
412	468
413	468
414	468
499	468
350	469
414	469
498	469
499	469
326	470
328	470
348	470
349	470
414	470
415	470
416	470
497	470
498	470
499	470
327	471
329	471
349	471
350	471
414	471
417	471
497	471
328	472
330	472
348	472
349	472
415	472
416	472
417	472
497	472
498	472
329	473
331	473
347	473
349	473
416	473
417	473
498	473
332	474
348	474
417	474
418	474
419	474
497	474
330	475
331	475
332	475
333	475
346	475
347	475
418	475
419	475
497	475
331	476
333	476
348	476
420	476
421	476
498	476
332	477
333	477
335	477
346	477
347	477
419	477
420	477
422	477
498	477
333	478
334	478
336	478
345	478
347	478
421	478
423	478
497	478
498	478
334	479
335	479
336	479
346	479
421	479
423	479
496	479
497	479
336	480
337	480
346	480
422	480
336	481
337	481
338	481
344	481
345	481
423	481
424	481
425	481
496	481
338	482
340	482
342	482
344	482
345	482
426	482
496	482
497	482
339	483
341	483
342	483
343	483
344	483
425	483
426	483
497	483
339	484
341	484
342	484
426	484
427	484
496	484
428	485
429	485
497	485
427	486
429	486
495	486
496	486
497	486
428	487
430	487
495	487
430	488
496	488
430	489
495	489
496	489
431	490
432	490
433	490
496	490
434	491
495	491
433	492
434	492
495	492
433	493
434	493
435	493
494	493
496	493
435	494
437	494
494	494
495	494
435	495
436	495
438	495
495	495
437	496
495	496
438	497
494	497
438	498
439	498
440	498
495	498
439	499
440	499
441	499
494	499
440	500
442	500
493	500
494	500
441	501
442	501
441	502
443	502
493	502
494	502
443	503
444	503
445	503
493	503
445	504
493	504
444	505
446	505
493	505
445	506
446	506
447	506
493	506
447	507
448	507
492	507
493	507
492	508
447	509
450	509
492	509
448	510
449	510
450	510
491	510
492	510
450	511
451	511
452	511
491	511
492	511
450	512
452	512
492	512
451	513
452	513
453	513
490	513
491	513
452	514
491	514
492	514
454	515
490	515
454	516
456	516
491	516
456	517
457	517
490	517
456	518
458	518
489	518
490	518
457	519
458	519
489	519
490	519
458	520
459	520
460	520
489	520
458	521
460	521
461	521
489	521
459	522
462	522
488	522
490	522
460	523
461	523
462	523
489	523
461	524
487	524
488	524
489	524
462	525
463	525
487	525
463	526
488	526
466	527
486	527
488	527
465	528
467	528
487	528
466	529
487	529
466	530
468	530
486	530
467	531
468	531
470	531
485	531
486	531
468	532
470	532
484	532
471	533
472	533
470	534
473	534
483	534
485	534
472	535
473	535
483	535
484	535
473	536
474	536
482	536
474	537
475	537
480	537
481	537
482	537
474	538
476	538
478	538
479	538
481	538
475	539
476	539
478	539
479	539
480	539
481	539
477	540
479	540