311	1
309	2
310	2
312	2
308	3
313	3
307	4
306	5
315	5
315	6
305	7
304	8
316	8
303	9
317	10
317	11
301	12
300	13
299	14
318	14
298	15
297	16
296	17
319	17
295	18
319	18
294	20
293	21
292	22
320	22
291	23
289	26
288	27
323	27
287	28
324	28
286	29
325	29
285	30
284	31
326	31
282	34
281	35
280	36
221	38
222	38
220	39
278	39
219	40
224	40
277	40
325	40
218	41
276	41
217	42
275	42
216	43
274	43
215	44
226	44
273	44
213	47
271	47
324	47
212	48
270	48
324	48
211	49
269	49
210	50
228	50
228	51
208	53
207	54
265	54
206	55
229	55
264	55
205	56
263	56
204	57
262	57
203	58
261	58
230	59
202	60
230	60
201	61
230	61
259	61
200	62
258	62
199	63
257	63
197	66
254	66
325	66
196	67
231	67
195	68
253	68
194	69
252	69
144	70
145	70
146	70
193	70
251	70
143	71
192	71
250	71
142	72
147	72
191	72
232	72
141	73
232	73
148	74
190	74
232	74
248	74
148	75
189	75
232	75
247	75
139	76
188	76
232	76
246	76
187	77
232	77
324	77
137	78
232	78
244	78
136	79
186	79
243	79
135	80
150	80
185	80
134	81
150	81
184	81
323	81
133	82
150	82
183	82
241	82
323	82
182	83
240	83
323	83
132	84
181	84
239	84
131	85
180	85
238	85
130	86
322	86
179	87
178	88
236	88
128	89
177	89
235	89
321	89
152	90
176	90
321	90
126	91
152	91
321	91
125	92
152	92
124	93
152	93
123	94
152	94
173	94
122	95
152	95
171	96
319	96
121	97
170	97
319	97
120	98
169	98
319	98
119	99
118	100
167	101
318	101
116	102
166	102
165	103
115	104
153	104
317	104
153	105
163	105
317	105
113	106
153	106
317	106
112	107
161	107
111	108
160	109
316	109
159	110
109	111
158	111
108	112
153	112
157	112
107	113
315	113
156	114
315	114
105	115
155	115
315	115
104	116
315	116
103	117
102	119
101	120
100	121
99	122
98	124
367	124
97	125
365	125
96	126
362	126
363	126
370	126
360	127
371	127
94	128
315	128
357	128
358	128
93	129
315	129
355	129
92	130
315	130
352	130
373	130
315	131
349	131
350	131
373	131
91	132
346	132
347	132
90	133
343	133
344	133
89	134
340	134
341	134
373	134
88	135
336	135
337	135
338	135
373	135
333	136
373	136
317	137
326	137
327	137
328	137
329	137
330	137
373	137
319	138
320	138
321	138
85	139
372	139
84	140
83	141
371	141
82	142
371	142
81	143
80	144
54	145
370	145
21	146
52	146
55	146
79	146
22	147
51	147
55	147
78	147
23	148
24	148
50	148
55	148
77	148
369	148
49	149
55	149
76	149
369	149
19	150
25	150
26	150
48	150
369	150
47	151
369	151
28	152
46	152
54	152
74	152
20	153
45	153
73	153
20	154
44	154
72	154
370	154
20	155
43	155
71	155
42	156
53	156
70	156
371	156
33	157
41	157
53	157
69	157
372	157
34	158
40	158
35	159
36	159
37	159
38	159
68	159
373	159
52	160
67	160
374	160
22	161
66	161
22	162
65	162
378	163
379	164
63	165
380	165
381	166
61	167
382	167
60	168
383	168
21	169
53	169
59	169
384	169
19	170
55	170
56	170
58	170
15	171
385	171
11	172
12	172
8	173
386	173
4	174
5	174
386	174
3	175
386	175
1	176
2	176
386	176
2	177
386	177
3	178
4	178
5	178
7	179
10	180
11	180
384	180
14	181
15	181
383	181
18	182
19	182
55	182
58	182
382	182
21	183
53	183
59	183
381	183
60	184
380	184
61	185
379	185
378	186
377	187
63	188
64	189
375	189
65	190
22	191
66	191
373	191
22	192
372	192
36	193
37	193
38	193
39	193
67	193
371	193
34	194
40	194
68	194
371	194
21	195
33	195
41	195
53	195
69	195
32	196
42	196
70	196
31	197
43	197
71	197
20	198
30	198
44	198
72	198
369	198
20	199
29	199
45	199
54	199
369	199
20	200
28	200
46	200
369	200
27	201
47	201
74	201
369	201
26	202
48	202
55	202
75	202
49	203
55	203
76	203
24	204
50	204
55	204
51	205
52	205
77	205
370	205
21	206
22	206
53	206
55	206
78	206
20	207
79	207
371	208
81	209
371	209
82	210
84	213
317	213
318	213
319	213
320	213
85	214
325	214
326	214
373	214
86	215
330	215
331	215
332	215
373	215
315	216
335	216
373	216
87	217
315	217
338	217
339	217
340	217
88	218
315	218
342	218
89	219
315	219
344	219
345	219
346	219
90	220
348	220
373	220
91	221
350	221
351	221
373	221
92	222
353	222
93	223
356	223
358	224
371	224
94	225
360	225
361	225
95	226
363	226
370	226
96	227
365	227
368	227
97	228
98	230
100	232
315	232
101	233
315	233
102	234
315	234
103	235
315	235
105	238
106	239
156	239
107	240
153	240
316	240
108	241
157	241
158	242
109	243
159	243
317	243
160	244
317	244
111	245
317	245
161	246
113	247
153	247
162	247
114	248
153	248
163	248
115	249
153	249
164	249
318	249
165	250
116	251
117	252
167	252
319	252
118	253
319	253
119	254
169	255
120	256
170	256
171	257
122	258
152	258
152	259
172	259
321	259
124	260
152	260
173	260
321	260
125	261
152	261
174	261
321	261
126	262
152	262
175	262
127	263
176	263
178	265
235	265
129	266
151	266
130	267
237	267
323	267
131	268
180	268
238	268
323	268
132	269
181	269
239	269
323	269
133	270
182	270
134	271
150	271
233	271
240	271
324	271
135	272
150	272
235	272
241	272
325	272
184	273
236	273
242	273
137	274
185	274
237	274
243	274
326	274
149	275
186	275
187	276
239	276
245	276
139	277
188	277
239	277
140	278
148	278
189	278
141	279
142	280
248	280
143	281
147	281
191	281
240	281
249	281
326	281
144	282
145	282
146	282
192	282
250	282
326	282
193	283
251	284
325	284
239	285
252	285
195	286
239	286
253	286
196	287
254	287
197	288
237	288
198	289
236	289
256	289
199	290
234	290
200	291
231	291
232	291
233	291
201	292
230	292
202	293
230	293
259	293
230	294
260	294
230	295
261	295
204	296
205	297
262	297
206	298
229	298
263	298
207	299
264	299
208	300
265	300
228	301
266	301
209	302
228	302
267	302
210	303
228	303
211	304
324	305
213	306
227	306
270	306
324	306
214	307
271	307
215	308
226	308
272	308
216	309
226	309
217	310
273	310
218	311
274	311
323	311
219	312
275	312
323	312
220	313
224	313
276	313
323	313
221	314
222	314
277	314
323	314
278	315
323	315
279	316
280	317
282	320
322	320
283	321
322	321
284	322
285	323
286	324
321	325
287	326
321	326
288	327
321	327
289	328
321	328
290	329
291	330
292	331
320	331
293	332
294	333
319	334
319	335
319	336
297	337
298	338
299	339
318	339
300	340
301	341
317	341
302	342
317	342
303	343
317	343
304	345
306	347
315	347
307	348
308	349
309	350
310	350
312	350
311	351