359	1
357	2
358	2
359	2
360	2
356	3
361	3
355	4
362	4
354	5
363	5
353	6
363	6
352	8
351	9
365	9
350	10
365	10
349	11
365	11
347	13
348	13
366	13
346	14
347	14
346	15
345	16
367	16
344	17
367	17
343	18
342	19
368	19
341	20
342	20
368	20
340	21
341	21
368	21
340	22
339	23
338	24
369	24
337	25
369	25
336	26
335	28
334	29
370	29
333	30
371	30
332	31
372	31
373	31
373	32
374	32
374	33
375	33
329	34
330	34
328	35
329	35
376	35
328	36
376	36
327	37
326	38
377	38
325	39
377	39
324	40
377	40
323	41
324	41
377	41
322	42
323	42
377	42
322	43
377	43
254	44
255	44
256	44
257	44
321	44
253	45
254	45
320	45
252	46
259	46
319	46
375	46
251	47
252	47
375	47
251	48
260	48
318	48
250	49
260	49
317	49
373	49
249	50
316	50
373	50
248	51
315	51
373	51
247	52
314	52
313	53
246	54
262	54
374	54
245	55
262	55
311	55
312	55
374	55
244	56
310	56
311	56
374	56
243	57
263	57
310	57
374	57
242	58
263	58
309	58
374	58
241	59
263	59
308	59
374	59
241	60
264	60
307	60
374	60
239	61
240	61
306	61
374	61
238	62
239	62
264	62
305	62
306	62
374	62
238	63
264	63
305	63
374	63
237	64
304	64
236	65
303	65
235	66
236	66
302	66
375	66
234	67
265	67
301	67
375	67
234	68
265	68
375	68
233	69
265	69
300	69
375	69
232	70
299	70
375	70
231	71
266	71
298	71
375	71
230	72
266	72
297	72
375	72
229	73
266	73
296	73
375	73
266	74
295	74
375	74
228	75
266	75
295	75
375	75
227	76
266	76
293	76
294	76
375	76
226	77
292	77
293	77
375	77
225	78
292	78
375	78
267	79
291	79
375	79
166	80
167	80
168	80
223	80
267	80
290	80
375	80
166	81
168	81
223	81
267	81
289	81
290	81
375	81
164	82
165	82
169	82
221	82
222	82
267	82
288	82
375	82
163	83
164	83
170	83
221	83
288	83
163	84
170	84
220	84
287	84
162	85
219	85
286	85
374	85
375	85
161	86
218	86
285	86
374	86
160	87
171	87
217	87
218	87
284	87
374	87
159	88
216	88
283	88
374	88
158	89
159	89
172	89
216	89
268	89
374	89
158	90
172	90
215	90
268	90
282	90
157	91
214	91
268	91
281	91
373	91
156	92
173	92
213	92
268	92
280	92
373	92
155	93
173	93
212	93
268	93
279	93
373	93
154	94
173	94
268	94
173	95
268	95
277	95
153	96
210	96
268	96
277	96
152	97
174	97
209	97
268	97
275	97
276	97
372	97
151	98
174	98
208	98
268	98
275	98
150	99
174	99
268	99
274	99
149	100
206	100
268	100
273	100
371	100
148	101
205	101
206	101
268	101
272	101
371	101
148	102
205	102
268	102
271	102
272	102
371	102
146	103
147	103
203	103
204	103
145	104
146	104
175	104
203	104
370	104
145	105
175	105
202	105
370	105
144	106
175	106
201	106
143	107
175	107
200	107
201	107
142	108
143	108
175	108
199	108
200	108
369	108
141	109
369	109
141	110
176	110
198	110
140	111
176	111
197	111
368	111
139	112
176	112
196	112
368	112
138	113
176	113
195	113
368	113
137	114
176	114
194	114
176	115
367	115
176	116
193	116
367	116
135	117
176	117
192	117
134	118
176	118
191	118
133	119
176	119
190	119
366	119
132	120
176	120
366	120
188	121
130	122
187	122
188	122
130	123
177	123
187	123
365	123
128	124
129	124
177	124
186	124
365	124
128	125
177	125
185	125
365	125
127	126
177	126
184	126
126	127
177	127
183	127
364	127
125	128
182	128
183	128
364	128
124	129
125	129
181	129
182	129
364	129
123	130
176	130
364	130
123	131
176	131
180	131
122	132
176	132
179	132
121	133
178	133
120	134
119	135
363	135
363	136
363	137
117	138
363	138
116	139
363	139
115	140
363	140
114	141
363	141
363	142
112	143
363	143
112	144
363	144
421	144
422	144
425	144
110	145
111	145
363	145
419	145
426	145
110	146
363	146
415	146
416	146
417	146
427	146
428	146
109	147
363	147
414	147
428	147
429	147
108	148
363	148
411	148
412	148
429	148
107	149
108	149
408	149
409	149
430	149
106	150
107	150
405	150
406	150
407	150
403	151
404	151
105	152
400	152
401	152
431	152
104	153
364	153
397	153
398	153
431	153
103	154
394	154
395	154
431	154
102	155
365	155
390	155
391	155
392	155
431	155
101	156
365	156
387	156
388	156
365	157
383	157
384	157
430	157
100	158
376	158
377	158
378	158
379	158
380	158
430	158
99	159
366	159
368	159
369	159
370	159
371	159
372	159
373	159
374	159
98	160
429	160
97	161
95	163
428	163
94	164
95	164
428	164
94	165
92	166
93	166
427	166
22	167
62	167
63	167
92	167
427	167
23	168
24	168
61	168
91	168
25	169
59	169
60	169
90	169
26	170
27	170
58	170
59	170
89	170
90	170
27	171
58	171
88	171
89	171
426	171
28	172
29	172
56	172
63	172
88	172
426	172
22	173
29	173
30	173
55	173
63	173
87	173
426	173
22	174
30	174
86	174
426	174
31	175
32	175
53	175
62	175
63	175
85	175
426	175
23	176
32	176
33	176
52	176
62	176
84	176
23	177
33	177
62	177
23	178
34	178
35	178
50	178
62	178
427	178
23	179
35	179
36	179
49	179
82	179
428	179
36	180
61	180
81	180
428	180
24	181
37	181
38	181
47	181
61	181
80	181
429	181
24	182
39	182
46	182
40	183
45	183
430	183
60	184
77	184
78	184
431	184
25	185
60	185
76	185
77	185
432	185
76	186
433	186
25	187
59	187
60	187
75	187
26	188
59	188
74	188
436	188
26	189
59	189
73	189
437	189
26	190
59	190
72	190
438	190
26	191
59	191
71	191
72	191
439	191
26	192
59	192
70	192
71	192
440	192
26	193
59	193
70	193
441	193
25	194
26	194
60	194
69	194
442	194
24	195
61	195
68	195
443	195
21	196
22	196
63	196
64	196
65	196
66	196
67	196
17	197
18	197
19	197
444	197
14	198
15	198
16	198
11	199
12	199
445	199
7	200
8	200
9	200
445	200
4	201
5	201
2	202
3	202
1	203
2	203
445	203
2	204
445	204
4	205
5	206
6	206
7	206
8	206
444	206
10	207
11	207
13	208
14	208
443	208
16	209
17	209
18	209
19	209
442	209
21	210
22	210
63	210
64	210
65	210
66	210
67	210
441	210
24	211
61	211
68	211
440	211
25	212
26	212
60	212
69	212
439	212
26	213
59	213
69	213
438	213
26	214
59	214
70	214
71	214
436	214
26	215
59	215
71	215
26	216
59	216
72	216
434	216
26	217
59	217
73	217
433	217
26	218
59	218
73	218
74	218
432	218
26	219
74	219
75	219
431	219
25	220
60	220
430	220
25	221
60	221
76	221
25	222
77	222
429	222
40	223
45	223
78	223
428	223
39	224
46	224
61	224
79	224
428	224
24	225
38	225
47	225
48	225
61	225
80	225
427	225
24	226
37	226
49	226
36	227
49	227
50	227
62	227
81	227
23	228
35	228
50	228
51	228
62	228
82	228
426	228
23	229
34	229
52	229
62	229
83	229
426	229
23	230
33	230
52	230
53	230
84	230
426	230
23	231
32	231
53	231
54	231
85	231
426	231
31	232
55	232
63	232
85	232
86	232
426	232
22	233
30	233
55	233
56	233
63	233
86	233
87	233
426	233
22	234
29	234
56	234
57	234
87	234
58	235
88	235
27	236
58	236
59	236
89	236
427	236
25	237
26	237
60	237
89	237
90	237
427	237
22	238
24	238
61	238
62	238
91	238
22	239
23	239
63	239
91	239
428	239
428	240
93	241
428	241
94	242
95	243
429	243
96	244
429	244
97	246
365	246
366	246
367	246
368	246
369	246
370	246
98	247
364	247
375	247
376	247
377	247
378	247
379	247
430	247
99	248
364	248
380	248
381	248
382	248
383	248
430	248
100	249
385	249
386	249
387	249
100	250
101	250
389	250
390	250
391	250
431	250
101	251
102	251
392	251
393	251
394	251
431	251
102	252
396	252
397	252
431	252
103	253
363	253
399	253
400	253
431	253
104	254
363	254
401	254
402	254
403	254
105	255
363	255
404	255
405	255
430	255
106	256
363	256
407	256
408	256
106	257
107	257
363	257
409	257
410	257
429	257
107	258
363	258
412	258
413	258
363	259
414	259
415	259
428	259
109	260
363	260
416	260
417	260
418	260
427	260
110	261
363	261
419	261
420	261
426	261
427	261
111	262
363	262
421	262
422	262
423	262
425	262
363	263
112	264
363	264
113	265
363	265
114	266
363	266
115	267
363	267
116	268
117	269
117	270
118	271
119	271
119	272
364	272
120	273
364	273
121	274
364	274
121	275
122	275
176	275
179	275
364	275
122	276
123	276
176	276
179	276
180	276
181	277
365	277
124	278
181	278
365	278
125	279
182	279
365	279
126	280
177	280
183	280
365	280
127	281
177	281
184	281
128	282
177	282
185	282
366	282
129	283
186	283
366	283
186	284
366	284
130	285
187	285
131	286
176	286
188	286
132	287
176	287
189	287
367	287
133	288
176	288
190	288
367	288
133	289
134	289
176	289
190	289
191	289
134	290
135	290
176	290
191	290
192	290
368	290
135	291
176	291
192	291
368	291
136	292
176	292
193	292
368	292
137	293
176	293
194	293
369	293
138	294
176	294
194	294
195	294
139	295
176	295
196	295
369	295
139	296
140	296
176	296
196	296
197	296
369	296
140	297
141	297
176	297
197	297
175	299
199	299
370	299
143	300
175	300
200	300
370	300
144	301
175	301
201	301
145	302
175	302
371	302
146	303
175	303
371	303
147	304
203	304
371	304
204	305
268	305
271	305
148	306
205	306
268	306
272	306
149	307
174	307
206	307
268	307
372	307
150	308
174	308
207	308
268	308
273	308
372	308
151	309
174	309
207	309
268	309
274	309
152	310
208	310
209	310
268	310
275	310
153	311
209	311
268	311
276	311
373	311
154	312
173	312
210	312
154	313
155	313
173	313
211	313
269	313
277	313
278	313
374	313
155	314
156	314
173	314
212	314
271	314
278	314
279	314
375	314
156	315
212	315
213	315
272	315
273	315
279	315
157	316
158	316
172	316
214	316
274	316
280	316
376	316
158	317
172	317
214	317
274	317
281	317
159	318
275	318
281	318
282	318
377	318
160	319
216	319
283	319
377	319
161	320
171	320
217	320
276	320
283	320
377	320
161	321
162	321
218	321
377	321
163	322
170	322
219	322
377	322
163	323
164	323
170	323
286	323
377	323
164	324
165	324
169	324
170	324
220	324
277	324
287	324
166	325
221	325
288	325
376	325
166	326
167	326
168	326
222	326
223	327
289	327
375	327
224	328
276	328
290	328
375	328
224	329
225	329
291	329
375	329
225	330
275	330
292	330
375	330
226	331
227	331
274	331
293	331
375	331
227	332
294	332
375	332
228	333
272	333
294	333
375	333
229	334
271	334
295	334
296	334
375	334
230	335
269	335
270	335
296	335
375	335
230	336
231	336
266	336
267	336
297	336
375	336
232	337
298	337
375	337
232	338
233	338
265	338
298	338
299	338
375	338
233	339
265	339
299	339
300	339
375	339
265	340
301	340
375	340
235	341
301	341
375	341
236	342
302	342
237	343
303	343
238	344
264	344
304	344
374	344
239	345
264	345
305	345
374	345
240	346
306	346
374	346
263	347
374	347
241	348
263	348
307	348
374	348
242	349
263	349
308	349
374	349
243	350
263	350
309	350
374	350
244	351
310	351
374	351
245	352
262	352
311	352
374	352
246	353
262	353
311	353
312	353
374	353
247	354
312	354
248	355
261	355
313	355
373	355
248	356
249	356
314	356
373	356
249	357
260	357
315	357
373	357
250	358
251	358
260	358
316	358
373	358
251	359
252	359
316	359
317	359
373	359
252	360
317	360
318	360
253	361
258	361
254	362
255	362
256	362
257	362
258	362
319	362
320	363
321	364
322	365
372	365
323	366
372	366
324	367
372	367
372	368
325	369
326	370
371	370
372	370
327	371
371	371
328	372
371	372
329	373
371	373
330	374
371	374
331	376
332	376
370	376
332	377
333	377
370	377
333	378
370	378
334	379
370	379
335	380
336	381
337	382
369	382
337	383
338	383
369	383
338	384
339	384
340	385
368	385
369	385
340	386
368	386
341	387
368	387
368	388
343	389
344	390
367	390
345	391
367	391
346	392
347	393
348	394
366	394
365	396
350	397
365	397
351	398
352	399
353	400
363	400
354	401
355	402
362	402
356	403
361	403
357	404
358	404
359	404
360	404
359	405