39	4
40	4
41	4
42	4
43	4
44	4
45	4
46	4
47	4
48	4
49	4
50	4
51	4
52	4
53	4
39	5
40	5
41	5
42	5
43	5
44	5
45	5
46	5
47	5
48	5
49	5
50	5
51	5
52	5
53	5
38	6
39	6
40	6
41	6
42	6
43	6
44	6
45	6
46	6
47	6
48	6
49	6
50	6
51	6
52	6
53	6
54	6
55	6
56	6
57	6
58	6
59	6
60	6
61	6
62	6
63	6
64	6
65	6
66	6
35	7
36	7
37	7
38	7
39	7
54	7
55	7
56	7
57	7
58	7
64	7
65	7
66	7
67	7
68	7
69	7
34	8
35	8
36	8
37	8
68	8
69	8
70	8
71	8
33	9
34	9
35	9
69	9
70	9
71	9
72	9
31	10
32	10
33	10
34	10
71	10
72	10
73	10
30	11
31	11
32	11
72	11
73	11
74	11
75	11
29	12
30	12
74	12
75	12
76	12
28	13
29	13
75	13
76	13
77	13
27	14
28	14
29	14
76	14
77	14
78	14
25	15
26	15
27	15
28	15
77	15
78	15
79	15
111	15
112	15
113	15
114	15
115	15
135	15
136	15
137	15
138	15
139	15
24	16
25	16
26	16
79	16
80	16
108	16
109	16
110	16
111	16
112	16
113	16
114	16
115	16
116	16
117	16
118	16
129	16
130	16
131	16
132	16
133	16
134	16
135	16
136	16
137	16
138	16
139	16
140	16
141	16
23	17
24	17
25	17
80	17
81	17
106	17
107	17
108	17
109	17
117	17
118	17
119	17
120	17
121	17
126	17
127	17
128	17
129	17
130	17
131	17
132	17
133	17
139	17
140	17
141	17
22	18
23	18
24	18
80	18
81	18
82	18
104	18
105	18
106	18
107	18
119	18
120	18
121	18
122	18
123	18
124	18
125	18
126	18
127	18
128	18
141	18
142	18
21	19
22	19
81	19
82	19
83	19
103	19
104	19
105	19
121	19
122	19
123	19
124	19
125	19
141	19
142	19
19	20
20	20
21	20
82	20
83	20
86	20
87	20
88	20
89	20
90	20
91	20
92	20
102	20
103	20
104	20
141	20
142	20
19	21
20	21
83	21
84	21
85	21
86	21
87	21
88	21
89	21
90	21
91	21
92	21
93	21
94	21
101	21
102	21
103	21
141	21
142	21
18	22
19	22
92	22
93	22
94	22
95	22
96	22
97	22
100	22
101	22
102	22
140	22
141	22
17	23
18	23
19	23
96	23
97	23
98	23
99	23
100	23
101	23
139	23
140	23
141	23
16	24
17	24
18	24
98	24
99	24
100	24
138	24
139	24
15	25
16	25
17	25
136	25
137	25
138	25
139	25
14	26
15	26
16	26
135	26
136	26
137	26
13	27
14	27
15	27
50	27
51	27
135	27
136	27
137	27
138	27
139	27
140	27
141	27
142	27
143	27
12	28
13	28
14	28
47	28
48	28
49	28
50	28
51	28
52	28
137	28
138	28
139	28
140	28
141	28
142	28
143	28
144	28
145	28
146	28
10	29
11	29
12	29
13	29
45	29
46	29
47	29
48	29
49	29
52	29
53	29
54	29
144	29
145	29
146	29
10	30
11	30
44	30
45	30
46	30
53	30
54	30
145	30
146	30
9	31
10	31
44	31
45	31
54	31
55	31
145	31
146	31
8	32
9	32
43	32
44	32
54	32
55	32
56	32
145	32
146	32
6	33
7	33
8	33
43	33
44	33
55	33
56	33
57	33
144	33
145	33
6	34
7	34
43	34
44	34
56	34
57	34
58	34
144	34
145	34
5	35
6	35
7	35
42	35
43	35
44	35
57	35
58	35
59	35
143	35
144	35
145	35
5	36
6	36
42	36
43	36
58	36
59	36
60	36
142	36
143	36
4	37
5	37
42	37
59	37
60	37
61	37
62	37
139	37
140	37
141	37
142	37
4	38
5	38
41	38
42	38
61	38
62	38
139	38
140	38
141	38
3	39
4	39
23	39
24	39
25	39
41	39
42	39
62	39
63	39
138	39
139	39
140	39
141	39
142	39
143	39
144	39
145	39
146	39
147	39
148	39
3	40
4	40
21	40
22	40
23	40
24	40
25	40
26	40
40	40
41	40
42	40
62	40
63	40
146	40
147	40
148	40
149	40
150	40
2	41
3	41
4	41
18	41
19	41
20	41
21	41
22	41
25	41
26	41
40	41
41	41
62	41
63	41
149	41
150	41
2	42
3	42
17	42
18	42
19	42
20	42
25	42
26	42
40	42
62	42
149	42
150	42
2	43
3	43
15	43
16	43
17	43
18	43
25	43
26	43
40	43
61	43
62	43
150	43
2	44
3	44
13	44
14	44
15	44
16	44
25	44
26	44
39	44
40	44
60	44
61	44
62	44
149	44
150	44
2	45
3	45
10	45
11	45
12	45
13	45
14	45
25	45
26	45
39	45
40	45
59	45
60	45
148	45
149	45
150	45
2	46
3	46
8	46
9	46
10	46
11	46
12	46
25	46
26	46
39	46
40	46
57	46
58	46
59	46
147	46
148	46
149	46
2	47
3	47
7	47
8	47
9	47
10	47
25	47
26	47
39	47
40	47
56	47
57	47
58	47
146	47
147	47
148	47
3	48
4	48
5	48
6	48
7	48
8	48
25	48
26	48
38	48
39	48
55	48
56	48
57	48
144	48
145	48
146	48
147	48
3	49
4	49
5	49
6	49
25	49
26	49
38	49
39	49
54	49
55	49
142	49
143	49
144	49
145	49
146	49
25	50
26	50
38	50
39	50
53	50
54	50
139	50
140	50
141	50
142	50
143	50
144	50
25	51
26	51
38	51
52	51
53	51
138	51
139	51
140	51
141	51
142	51
25	52
26	52
37	52
38	52
51	52
52	52
136	52
137	52
138	52
139	52
140	52
26	53
36	53
37	53
51	53
52	53
135	53
136	53
137	53
26	54
35	54
36	54
37	54
50	54
51	54
135	54
136	54
26	55
35	55
36	55
50	55
51	55
134	55
135	55
26	56
34	56
35	56
50	56
51	56
134	56
135	56
26	57
33	57
34	57
35	57
50	57
133	57
134	57
26	58
31	58
32	58
33	58
34	58
50	58
133	58
134	58
26	59
27	59
30	59
31	59
32	59
33	59
50	59
132	59
133	59
26	60
27	60
28	60
29	60
30	60
31	60
50	60
51	60
131	60
132	60
133	60
50	61
51	61
130	61
131	61
132	61
50	62
51	62
129	62
130	62
131	62
51	63
127	63
128	63
129	63
130	63
51	64
124	64
125	64
126	64
127	64
128	64
51	65
52	65
119	65
120	65
121	65
122	65
123	65
124	65
125	65
126	65
127	65
51	66
52	66
53	66
117	66
118	66
119	66
120	66
121	66
122	66
52	67
53	67
54	67
117	67
118	67
53	68
54	68
117	68
118	68
54	69
55	69
117	69
118	69
54	70
55	70
117	70
118	70
55	71
117	71
118	71
54	72
55	72
117	72
118	72
54	73
55	73
117	73
118	73
53	74
54	74
117	74
118	74
52	75
53	75
117	75
118	75
119	75
120	75
121	75
122	75
123	75
124	75
125	75
52	76
53	76
120	76
121	76
122	76
123	76
124	76
125	76
126	76
51	77
52	77
125	77
126	77
127	77
128	77
129	77
51	78
127	78
128	78
129	78
130	78
131	78
50	79
51	79
130	79
131	79
26	80
27	80
28	80
29	80
50	80
51	80
131	80
132	80
26	81
27	81
28	81
29	81
30	81
31	81
50	81
51	81
131	81
132	81
133	81
26	82
27	82
30	82
31	82
32	82
33	82
50	82
132	82
133	82
134	82
26	83
32	83
33	83
34	83
50	83
51	83
133	83
134	83
26	84
34	84
35	84
50	84
51	84
134	84
135	84
26	85
34	85
35	85
36	85
50	85
51	85
134	85
135	85
26	86
35	86
36	86
37	86
50	86
51	86
134	86
135	86
26	87
36	87
37	87
51	87
135	87
136	87
137	87
26	88
37	88
38	88
51	88
52	88
136	88
137	88
138	88
26	89
37	89
38	89
51	89
52	89
53	89
137	89
138	89
139	89
140	89
25	90
26	90
38	90
39	90
52	90
53	90
54	90
138	90
139	90
140	90
141	90
142	90
4	91
5	91
25	91
26	91
38	91
39	91
53	91
54	91
55	91
141	91
142	91
143	91
144	91
3	92
4	92
5	92
6	92
7	92
25	92
26	92
38	92
39	92
54	92
55	92
56	92
143	92
144	92
145	92
146	92
2	93
3	93
4	93
5	93
6	93
7	93
8	93
25	93
26	93
38	93
39	93
55	93
56	93
57	93
145	93
146	93
147	93
2	94
3	94
7	94
8	94
9	94
10	94
25	94
26	94
39	94
40	94
56	94
57	94
58	94
146	94
147	94
148	94
149	94
2	95
3	95
9	95
10	95
11	95
12	95
25	95
26	95
39	95
40	95
57	95
58	95
59	95
60	95
148	95
149	95
2	96
3	96
11	96
12	96
13	96
14	96
15	96
25	96
26	96
39	96
40	96
59	96
60	96
61	96
149	96
150	96
2	97
3	97
13	97
14	97
15	97
16	97
25	97
26	97
39	97
40	97
60	97
61	97
62	97
150	97
2	98
3	98
14	98
15	98
16	98
17	98
18	98
25	98
26	98
40	98
61	98
62	98
150	98
2	99
3	99
17	99
18	99
19	99
20	99
21	99
25	99
26	99
40	99
41	99
61	99
62	99
149	99
150	99
2	100
3	100
4	100
19	100
20	100
21	100
22	100
23	100
25	100
26	100
40	100
41	100
62	100
63	100
148	100
149	100
150	100
3	101
4	101
21	101
22	101
23	101
24	101
25	101
26	101
40	101
41	101
42	101
62	101
63	101
140	101
141	101
142	101
143	101
144	101
145	101
146	101
147	101
148	101
149	101
3	102
4	102
23	102
24	102
25	102
41	102
42	102
62	102
63	102
139	102
140	102
141	102
142	102
143	102
144	102
145	102
146	102
147	102
148	102
149	102
4	103
5	103
41	103
42	103
60	103
61	103
62	103
139	103
140	103
141	103
142	103
4	104
5	104
42	104
43	104
59	104
60	104
141	104
142	104
143	104
5	105
6	105
42	105
43	105
58	105
59	105
60	105
142	105
143	105
144	105
5	106
6	106
7	106
43	106
57	106
58	106
143	106
144	106
145	106
6	107
7	107
8	107
43	107
44	107
56	107
57	107
58	107
144	107
145	107
146	107
7	108
8	108
9	108
43	108
44	108
55	108
56	108
145	108
146	108
8	109
9	109
10	109
44	109
54	109
55	109
145	109
146	109
9	110
10	110
44	110
45	110
46	110
53	110
54	110
55	110
145	110
146	110
10	111
11	111
44	111
45	111
46	111
47	111
48	111
52	111
53	111
54	111
145	111
146	111
11	112
12	112
13	112
46	112
47	112
48	112
49	112
50	112
51	112
52	112
53	112
143	112
144	112
145	112
12	113
13	113
14	113
49	113
50	113
51	113
52	113
137	113
138	113
139	113
140	113
141	113
142	113
143	113
144	113
145	113
13	114
14	114
15	114
137	114
14	115
15	115
16	115
137	115
138	115
15	116
16	116
17	116
137	116
138	116
139	116
17	117
18	117
97	117
98	117
99	117
100	117
101	117
138	117
139	117
140	117
17	118
18	118
19	118
96	118
97	118
98	118
99	118
100	118
101	118
139	118
140	118
141	118
18	119
19	119
84	119
85	119
93	119
94	119
95	119
96	119
97	119
100	119
101	119
102	119
140	119
141	119
19	120
20	120
21	120
82	120
83	120
84	120
85	120
86	120
87	120
88	120
89	120
90	120
91	120
92	120
93	120
94	120
95	120
96	120
101	120
102	120
103	120
104	120
141	120
142	120
20	121
21	121
22	121
81	121
82	121
83	121
84	121
102	121
103	121
104	121
105	121
141	121
142	121
21	122
22	122
23	122
81	122
82	122
104	122
105	122
106	122
120	122
121	122
122	122
123	122
124	122
125	122
126	122
141	122
142	122
22	123
23	123
80	123
81	123
105	123
106	123
107	123
108	123
119	123
120	123
121	123
122	123
123	123
125	123
126	123
127	123
128	123
129	123
130	123
140	123
141	123
142	123
23	124
24	124
25	124
79	124
80	124
81	124
106	124
107	124
108	124
109	124
110	124
111	124
112	124
114	124
115	124
116	124
117	124
118	124
119	124
120	124
121	124
126	124
127	124
128	124
129	124
130	124
131	124
132	124
133	124
134	124
138	124
139	124
140	124
141	124
24	125
25	125
26	125
27	125
78	125
79	125
80	125
108	125
109	125
110	125
111	125
112	125
113	125
114	125
115	125
116	125
117	125
118	125
130	125
131	125
132	125
133	125
134	125
135	125
136	125
137	125
138	125
139	125
140	125
26	126
27	126
28	126
77	126
78	126
79	126
27	127
28	127
29	127
76	127
77	127
78	127
28	128
29	128
30	128
75	128
76	128
77	128
29	129
30	129
31	129
73	129
74	129
75	129
76	129
30	130
31	130
32	130
72	130
73	130
74	130
75	130
31	131
32	131
33	131
34	131
71	131
72	131
73	131
32	132
33	132
34	132
35	132
69	132
70	132
71	132
72	132
34	133
35	133
36	133
37	133
38	133
66	133
67	133
68	133
69	133
70	133
71	133
36	134
37	134
38	134
39	134
40	134
54	134
55	134
56	134
57	134
58	134
59	134
60	134
61	134
62	134
63	134
64	134
65	134
66	134
67	134
68	134
38	135
39	135
40	135
41	135
42	135
43	135
44	135
45	135
46	135
47	135
48	135
49	135
50	135
51	135
52	135
53	135
54	135
55	135
56	135
57	135
58	135
59	135
60	135
61	135
62	135
63	135
64	135
65	135
41	136
42	136
43	136
44	136
45	136
46	136
47	136
48	136
49	136
50	136
51	136
52	136
53	136