505,537
522,532
578,506
609,492
622,473
622,454
626,438
637,425
669,422
688,425
700,435
718,429
740,419
764,418
779,426
781,407
769,390
746,370
719,321
721,301
733,275
799,230
837,205
857,195
896,169
962,119
970,100
955,103
896,129
882,137
869,151
744,214
708,228
684,230
666,231
650,239
628,251
563,262
545,263
524,263
488,258
390,246
366,233
360,249
366,263
364,291
358,320
350,333
318,343
304,336
264,323
229,333
213,344
205,359
190,379
146,383
133,370
120,379
139,448
145,467
168,519
192,536
255,562
276,569
291,567
325,558
350,565
366,591
380,601
399,605
390,574
409,553
426,546
444,542
468,544
488,539
448,442
622,349
521,313
489,496
547,477
522,410
229,408
441,362
263,374
301,388
385,509
453,293
653,305
661,360
316,516
329,431
276,509
496,452
589,293
569,411
212,498
612,392
398,332
351,394
345,480
270,422
703,386
800,189
687,272
434,254
581,452
302,471
619,304
625,292
648,323
633,306
124,401
123,408
140,408
148,416
183,405
212,417
249,489
248,459
237,462
239,472
479,391
488,387
513,382
497,393
485,416
509,422
468,254
552,282
537,287
505,289
547,301
576,365
599,332
644,390
415,354
415,331
420,296
399,299
424,322
471,331
466,528
487,529
498,516
541,501
561,493
574,462
602,391
642,361
693,305
708,277
731,247
746,240
781,221
774,246
772,207
830,186
834,171
825,176
808,208
354,403
381,405
375,456
228,428
221,402
240,382
279,405
309,417
282,469
353,458
359,428
196,371
166,390
152,481
153,457
168,456
174,475
168,465
193,469
188,459
453,255
450,287
430,274
461,280
756,255
822,216
433,485
741,397
727,396
720,377
539,275
267,430
