505	537
522	532
578	506
609	492
622	473
622	454
626	438
637	425
669	422
688	425
700	435
718	429
740	419
764	418
779	426
781	407
769	390
746	370
720	337
719	321
721	301
733	275
799	230
837	205
857	195
896	169
962	119
970	100
955	103
896	129
882	137
869	151
744	214
708	228
684	230
666	231
650	239
628	251
563	262
545	263
524	263
488	258
390	246
366	233
360	249
366	263
364	291
358	320
350	333
336	342
318	343
304	336
286	328
264	323
229	333
213	344
205	359
190	379
175	388
160	391
146	383
133	370
120	379
139	448
145	467
168	519
192	536
255	562
276	569
291	567
325	558
350	565
366	591
380	601
399	605
390	574
409	553
426	546
444	542
468	544
488	539
481	454
186	478
317	509
325	536
499	479
469	444
488	327
650	414
418	451
238	408
508	412
251	482
244	431
684	279
504	515
434	351
655	271
351	511
684	401
369	421
699	389
334	415
498	379
519	373
384	330
533	482
403	520
559	483
321	375
295	467
256	546
409	295
664	303
697	305
601	305
557	389
460	390
159	422
451	345
266	468
172	403
322	395
339	464
603	448
793	199
350	388
514	462
468	370
672	354
614	401
751	408
459	483
379	294
491	397
200	459
725	250
307	433
299	373
215	414
495	424
425	381
579	402
385	353
659	385
270	485
478	420
807	217
264	412
456	322
177	430
233	451
212	470
169	504
577	421
234	361
757	254
571	312
550	505
771	211
302	487
386	519
373	446
539	306
501	308
374	380
512	350
378	405
553	464
279	382
860	177
375	471
729	368
313	448
615	319
348	480
580	366
192	397
453	433
330	486
271	452
360	346
420	319
399	405
647	347
380	554
500	293
458	461
668	401
706	283
618	285
682	325
403	473
529	279
836	188
430	430
271	501
492	443
528	434
245	380
441	308
243	510
372	500
469	278
441	447
617	386
443	470
402	362
345	525
208	435
534	377
929	143
603	260
604	368
484	492
597	477
473	323
361	542
197	513
282	360
574	297
248	343
644	391
668	258
259	513
679	375
448	526
284	429
586	340
537	459
212	491
418	337
474	347
422	303
305	545
443	259
567	446
684	254
219	511
416	271
548	346
354	408
599	280
548	422
517	324
390	503
158	491
551	292
251	362
493	350
212	539
353	447
241	525
753	230
493	278
592	411
580	272
420	518
599	323
412	428
505	265
656	325
178	460
375	573
183	519
301	530
682	306
461	405
658	360
596	433
437	335
540	523
643	302
629	269
702	261
802	186
733	232
522	399
306	398
339	440
278	539
432	271
519	489
589	462
141	411
355	362
551	326
227	437
394	460
538	360
769	238
567	343
236	477
522	306
365	525
710	409
698	350
456	299
912	130
236	546
451	507
604	350
346	496
437	289
580	478
615	427
199	418
435	369
378	314
392	384
416	494
473	504
439	391
230	387
478	299
912	153
564	375
653	286
325	429
209	399
633	286
186	496
158	438
415	407
571	461
344	551
256	453
586	387
368	332
387	273
264	376
538	396
311	358
943	131
711	363
334	361
697	372
524	505
320	469
617	337
295	501
631	330
893	150
819	198
301	415
636	370
551	442
624	305
844	164
876	181
698	332
267	356
702	245
450	417
333	510
533	333
287	481
474	524
134	396
627	409
389	538
510	443
407	250
291	347
396	318
234	496
933	118
255	392
561	412
400	443
559	358
496	460
270	437
594	494
732	393
421	471
192	446
336	376
224	529
386	369
718	264
489	516
266	529
382	488
285	402
164	473
784	228
476	403
435	514
288	552
355	462
212	380
163	457
587	311
442	488
407	536
394	301
453	376
386	435
473	469
286	524
482	383
294	448
588	446
625	357
217	454
483	366
353	425
717	389
535	411
468	261
670	285
454	274
744	244
504	337
504	494
417	353
305	560
639	317
434	411
404	343
450	360
514	427
516	290
270	340
409	389
509	390
818	177
753	386
564	281
371	365
562	428
144	432
599	396
684	343
642	260
364	487
578	326
500	364
423	257
272	554
381	259
365	395
667	337
731	351
729	408
606	464
396	422
340	400
364	306
557	306
743	260
400	491
422	285
317	412
245	464
881	162
247	327
366	560
293	389
251	497
564	512
537	497
183	414
402	277
589	293
822	210