19	9
21	9
22	9
23	9
24	9
25	9
15	10
16	10
17	10
18	10
19	10
20	10
21	10
22	10
23	10
24	10
25	10
26	10
27	10
28	10
38	10
39	10
40	10
41	10
42	10
14	11
15	11
16	11
17	11
18	11
19	11
20	11
21	11
22	11
23	11
24	11
25	11
26	11
27	11
28	11
29	11
30	11
31	11
35	11
36	11
37	11
38	11
39	11
40	11
41	11
42	11
13	12
14	12
15	12
16	12
17	12
18	12
19	12
20	12
21	12
22	12
23	12
24	12
25	12
26	12
27	12
28	12
29	12
30	12
31	12
32	12
33	12
34	12
35	12
36	12
37	12
38	12
39	12
40	12
41	12
42	12
135	12
136	12
137	12
138	12
139	12
13	13
14	13
15	13
16	13
17	13
18	13
19	13
20	13
21	13
22	13
23	13
24	13
25	13
26	13
27	13
28	13
29	13
30	13
31	13
32	13
33	13
34	13
35	13
36	13
37	13
38	13
39	13
40	13
41	13
42	13
133	13
134	13
135	13
136	13
137	13
138	13
139	13
140	13
13	14
14	14
15	14
16	14
17	14
18	14
19	14
20	14
21	14
22	14
23	14
24	14
25	14
26	14
27	14
28	14
29	14
30	14
31	14
32	14
33	14
34	14
35	14
36	14
37	14
38	14
39	14
40	14
41	14
42	14
133	14
134	14
135	14
136	14
137	14
138	14
139	14
140	14
141	14
13	15
14	15
15	15
16	15
17	15
39	15
40	15
41	15
42	15
131	15
132	15
133	15
134	15
135	15
136	15
137	15
138	15
139	15
140	15
141	15
13	16
14	16
15	16
16	16
39	16
40	16
41	16
42	16
131	16
132	16
133	16
134	16
135	16
136	16
137	16
138	16
139	16
140	16
141	16
13	17
14	17
15	17
16	17
17	17
40	17
41	17
42	17
131	17
132	17
133	17
134	17
135	17
136	17
137	17
138	17
139	17
140	17
141	17
13	18
14	18
15	18
16	18
17	18
39	18
40	18
41	18
131	18
132	18
133	18
137	18
138	18
139	18
140	18
141	18
13	19
14	19
15	19
16	19
39	19
40	19
41	19
131	19
132	19
133	19
137	19
138	19
139	19
140	19
141	19
13	20
14	20
15	20
16	20
17	20
39	20
40	20
41	20
130	20
131	20
132	20
133	20
138	20
139	20
140	20
141	20
142	20
13	21
14	21
15	21
16	21
17	21
39	21
40	21
41	21
42	21
130	21
131	21
132	21
133	21
138	21
139	21
140	21
141	21
142	21
13	22
14	22
15	22
16	22
17	22
39	22
40	22
41	22
42	22
129	22
130	22
131	22
132	22
133	22
138	22
139	22
140	22
141	22
142	22
13	23
14	23
15	23
16	23
39	23
40	23
41	23
42	23
129	23
130	23
131	23
132	23
133	23
138	23
139	23
140	23
141	23
142	23
13	24
14	24
15	24
16	24
40	24
41	24
42	24
43	24
128	24
129	24
130	24
131	24
132	24
139	24
140	24
141	24
142	24
13	25
14	25
15	25
16	25
39	25
40	25
41	25
42	25
43	25
127	25
128	25
129	25
130	25
131	25
139	25
140	25
141	25
142	25
143	25
13	26
14	26
15	26
16	26
17	26
40	26
41	26
42	26
43	26
125	26
126	26
127	26
128	26
129	26
130	26
131	26
139	26
140	26
141	26
142	26
143	26
13	27
14	27
15	27
16	27
17	27
40	27
41	27
42	27
43	27
44	27
82	27
83	27
84	27
85	27
86	27
87	27
88	27
89	27
90	27
91	27
124	27
125	27
126	27
127	27
128	27
129	27
130	27
131	27
141	27
142	27
143	27
13	28
14	28
15	28
16	28
17	28
40	28
41	28
42	28
43	28
44	28
79	28
80	28
81	28
82	28
83	28
84	28
85	28
86	28
87	28
88	28
89	28
90	28
91	28
92	28
93	28
94	28
122	28
123	28
124	28
125	28
126	28
127	28
128	28
129	28
141	28
142	28
143	28
13	29
14	29
15	29
16	29
41	29
42	29
43	29
44	29
45	29
75	29
76	29
77	29
78	29
79	29
80	29
81	29
82	29
83	29
84	29
85	29
86	29
87	29
88	29
89	29
90	29
91	29
92	29
93	29
94	29
95	29
96	29
97	29
98	29
99	29
118	29
119	29
120	29
121	29
122	29
123	29
124	29
125	29
126	29
127	29
128	29
141	29
142	29
143	29
13	30
14	30
15	30
16	30
41	30
42	30
43	30
44	30
45	30
72	30
73	30
74	30
75	30
76	30
77	30
78	30
79	30
80	30
81	30
82	30
83	30
84	30
85	30
86	30
87	30
88	30
89	30
90	30
91	30
92	30
93	30
94	30
95	30
96	30
97	30
98	30
99	30
100	30
101	30
102	30
103	30
104	30
105	30
106	30
107	30
108	30
109	30
110	30
111	30
112	30
113	30
114	30
115	30
116	30
117	30
118	30
119	30
120	30
121	30
122	30
123	30
124	30
125	30
141	30
142	30
143	30
13	31
14	31
15	31
16	31
17	31
42	31
43	31
44	31
45	31
46	31
69	31
70	31
71	31
72	31
73	31
74	31
75	31
76	31
77	31
78	31
79	31
80	31
81	31
82	31
83	31
84	31
85	31
86	31
87	31
88	31
89	31
90	31
91	31
92	31
93	31
94	31
95	31
96	31
97	31
98	31
99	31
100	31
101	31
102	31
103	31
104	31
105	31
106	31
107	31
108	31
109	31
110	31
111	31
112	31
113	31
114	31
115	31
116	31
117	31
118	31
119	31
120	31
121	31
122	31
123	31
124	31
141	31
142	31
143	31
13	32
14	32
15	32
16	32
17	32
43	32
44	32
45	32
46	32
47	32
68	32
69	32
70	32
71	32
72	32
73	32
74	32
75	32
76	32
77	32
78	32
79	32
94	32
95	32
96	32
97	32
98	32
99	32
100	32
101	32
102	32
103	32
104	32
105	32
106	32
107	32
108	32
109	32
110	32
111	32
112	32
113	32
114	32
115	32
116	32
117	32
118	32
119	32
120	32
121	32
122	32
141	32
142	32
143	32
13	33
14	33
15	33
16	33
17	33
43	33
44	33
45	33
46	33
47	33
65	33
66	33
67	33
68	33
69	33
70	33
71	33
72	33
73	33
74	33
75	33
76	33
95	33
96	33
97	33
98	33
99	33
100	33
101	33
102	33
103	33
104	33
105	33
106	33
107	33
108	33
109	33
110	33
111	33
112	33
113	33
114	33
115	33
116	33
117	33
118	33
119	33
120	33
141	33
142	33
143	33
13	34
14	34
15	34
16	34
17	34
43	34
44	34
45	34
46	34
47	34
48	34
62	34
63	34
64	34
65	34
66	34
67	34
68	34
69	34
70	34
71	34
72	34
73	34
74	34
75	34
98	34
99	34
100	34
101	34
102	34
103	34
104	34
105	34
106	34
107	34
108	34
109	34
110	34
111	34
112	34
113	34
114	34
115	34
116	34
141	34
142	34
143	34
13	35
14	35
15	35
16	35
44	35
45	35
46	35
47	35
48	35
49	35
50	35
59	35
60	35
61	35
62	35
63	35
64	35
65	35
66	35
67	35
68	35
69	35
70	35
71	35
141	35
142	35
143	35
13	36
14	36
15	36
16	36
45	36
46	36
47	36
48	36
49	36
50	36
51	36
52	36
53	36
54	36
55	36
56	36
57	36
58	36
59	36
60	36
61	36
62	36
63	36
64	36
65	36
66	36
67	36
68	36
141	36
142	36
143	36
12	37
13	37
14	37
15	37
46	37
47	37
48	37
49	37
50	37
51	37
52	37
53	37
54	37
55	37
56	37
57	37
58	37
59	37
60	37
61	37
62	37
63	37
64	37
65	37
66	37
67	37
141	37
142	37
143	37
11	38
12	38
13	38
14	38
15	38
47	38
48	38
49	38
50	38
51	38
52	38
53	38
54	38
55	38
56	38
57	38
58	38
59	38
60	38
61	38
141	38
142	38
143	38
9	39
10	39
11	39
12	39
13	39
14	39
48	39
49	39
50	39
51	39
52	39
53	39
54	39
55	39
56	39
57	39
58	39
59	39
60	39
141	39
142	39
143	39
8	40
9	40
10	40
11	40
12	40
13	40
14	40
50	40
51	40
52	40
53	40
54	40
55	40
56	40
57	40
58	40
141	40
142	40
143	40
7	41
8	41
9	41
10	41
11	41
12	41
13	41
141	41
142	41
143	41
144	41
7	42
8	42
9	42
10	42
11	42
12	42
141	42
142	42
143	42
144	42
6	43
7	43
8	43
9	43
10	43
11	43
141	43
142	43
143	43
144	43
6	44
7	44
8	44
9	44
10	44
11	44
141	44
142	44
143	44
144	44
6	45
7	45
8	45
9	45
10	45
141	45
142	45
143	45
144	45
6	46
7	46
8	46
9	46
141	46
142	46
143	46
144	46
6	47
7	47
8	47
141	47
142	47
143	47
144	47
6	48
7	48
8	48
9	48
141	48
142	48
143	48
144	48
6	49
7	49
8	49
9	49
10	49
141	49
142	49
143	49
144	49
6	50
7	50
8	50
9	50
10	50
141	50
142	50
143	50
6	51
7	51
8	51
9	51
10	51
11	51
141	51
142	51
143	51
6	52
7	52
8	52
9	52
10	52
11	52
141	52
142	52
143	52
6	53
7	53
8	53
9	53
10	53
11	53
141	53
142	53
143	53
144	53
7	54
8	54
9	54
10	54
11	54
141	54
142	54
143	54
144	54
7	55
8	55
9	55
10	55
11	55
141	55
142	55
143	55
144	55
6	56
7	56
8	56
9	56
10	56
11	56
141	56
142	56
143	56
144	56
7	57
8	57
9	57
10	57
11	57
141	57
142	57
143	57
144	57
7	58
8	58
9	58
10	58
11	58
141	58
142	58
143	58
144	58
7	59
8	59
9	59
10	59
11	59
141	59
142	59
143	59
144	59
7	60
8	60
9	60
10	60
11	60
141	60
142	60
143	60
144	60
7	61
8	61
9	61
10	61
11	61
141	61
142	61
143	61
144	61
8	62
9	62
10	62
11	62
142	62
143	62
144	62
8	63
9	63
141	63
142	63
143	63
144	63
5	64
6	64
7	64
8	64
141	64
142	64
143	64
144	64
5	65
6	65
7	65
8	65
141	65
142	65
143	65
144	65
2	66
3	66
4	66
5	66
6	66
7	66
141	66
142	66
143	66
144	66
1	67
2	67
3	67
4	67
5	67
141	67
142	67
143	67
144	67
1	68
2	68
3	68
4	68
5	68
141	68
142	68
143	68
144	68
145	68
1	69
2	69
3	69
4	69
5	69
141	69
142	69
143	69
144	69
145	69
1	70
2	70
3	70
4	70
5	70
141	70
142	70
143	70
144	70
145	70
1	71
2	71
3	71
4	71
5	71
6	71
141	71
142	71
143	71
144	71
145	71
1	72
2	72
3	72
4	72
5	72
6	72
141	72
142	72
143	72
144	72
145	72
1	73
2	73
3	73
4	73
5	73
6	73
141	73
142	73
143	73
144	73
145	73
2	74
3	74
4	74
5	74
6	74
7	74
8	74
9	74
10	74
11	74
12	74
13	74
14	74
15	74
16	74
17	74
18	74
141	74
142	74
143	74
144	74
145	74
3	75
4	75
5	75
6	75
7	75
8	75
9	75
10	75
11	75
12	75
13	75
14	75
15	75
16	75
17	75
18	75
19	75
20	75
141	75
142	75
143	75
144	75
145	75
4	76
5	76
6	76
7	76
8	76
9	76
10	76
11	76
12	76
13	76
14	76
15	76
16	76
17	76
18	76
19	76
20	76
21	76
141	76
142	76
143	76
144	76
145	76
5	77
6	77
7	77
8	77
9	77
10	77
11	77
12	77
13	77
14	77
15	77
16	77
17	77
18	77
19	77
20	77
21	77
22	77
23	77
24	77
25	77
26	77
27	77
28	77
29	77
38	77
39	77
40	77
41	77
42	77
43	77
44	77
141	77
142	77
143	77
144	77
145	77
6	78
7	78
8	78
9	78
10	78
11	78
12	78
13	78
14	78
15	78
16	78
18	78
19	78
20	78
21	78
22	78
23	78
24	78
25	78
26	78
27	78
28	78
29	78
30	78
31	78
37	78
38	78
39	78
40	78
41	78
42	78
43	78
44	78
45	78
141	78
142	78
143	78
144	78
145	78
9	79
10	79
11	79
12	79
13	79
14	79
19	79
20	79
21	79
22	79
23	79
24	79
25	79
26	79
27	79
28	79
29	79
30	79
31	79
32	79
33	79
36	79
37	79
38	79
39	79
40	79
41	79
42	79
43	79
44	79
45	79
46	79
47	79
48	79
141	79
142	79
143	79
144	79
145	79
22	80
23	80
24	80
25	80
26	80
27	80
28	80
29	80
30	80
31	80
32	80
33	80
34	80
35	80
36	80
37	80
38	80
39	80
40	80
41	80
42	80
43	80
44	80
45	80
46	80
47	80
48	80
49	80
50	80
51	80
52	80
53	80
54	80
55	80
56	80
57	80
58	80
59	80
141	80
142	80
143	80
144	80
145	80
26	81
27	81
28	81
29	81
30	81
31	81
32	81
33	81
34	81
35	81
36	81
37	81
38	81
39	81
40	81
41	81
42	81
43	81
44	81
45	81
46	81
47	81
48	81
49	81
50	81
51	81
52	81
53	81
54	81
55	81
56	81
57	81
58	81
59	81
60	81
61	81
141	81
142	81
143	81
144	81
145	81
30	82
31	82
32	82
33	82
34	82
35	82
36	82
37	82
38	82
44	82
45	82
46	82
47	82
48	82
49	82
50	82
51	82
52	82
53	82
54	82
55	82
56	82
57	82
58	82
59	82
60	82
61	82
62	82
63	82
141	82
142	82
143	82
144	82
145	82
48	83
49	83
50	83
51	83
52	83
53	83
54	83
55	83
56	83
57	83
58	83
59	83
60	83
61	83
62	83
63	83
64	83
65	83
66	83
67	83
68	83
141	83
142	83
143	83
144	83
145	83
58	84
59	84
60	84
61	84
62	84
63	84
64	84
65	84
66	84
67	84
68	84
69	84
141	84
142	84
143	84
144	84
145	84
60	85
61	85
62	85
63	85
64	85
65	85
66	85
67	85
68	85
69	85
70	85
71	85
141	85
142	85
143	85
144	85
145	85
62	86
63	86
64	86
65	86
66	86
67	86
68	86
69	86
70	86
71	86
72	86
141	86
142	86
143	86
144	86
145	86
64	87
65	87
66	87
67	87
68	87
69	87
70	87
71	87
72	87
73	87
141	87
142	87
143	87
144	87
145	87
68	88
69	88
70	88
71	88
72	88
73	88
74	88
141	88
142	88
143	88
144	88
145	88
70	89
71	89
72	89
73	89
74	89
75	89
141	89
142	89
143	89
144	89
145	89
72	90
73	90
74	90
75	90
76	90
141	90
142	90
143	90
144	90
145	90
72	91
73	91
74	91
75	91
76	91
77	91
141	91
142	91
143	91
144	91
145	91
73	92
74	92
75	92
76	92
77	92
78	92
141	92
142	92
143	92
144	92
145	92
74	93
75	93
76	93
77	93
78	93
79	93
141	93
142	93
143	93
144	93
145	93
75	94
76	94
77	94
78	94
79	94
80	94
81	94
141	94
142	94
143	94
144	94
145	94
76	95
77	95
78	95
79	95
80	95
81	95
82	95
83	95
141	95
142	95
143	95
144	95
145	95
78	96
79	96
80	96
81	96
82	96
83	96
84	96
85	96
141	96
142	96
143	96
144	96
145	96
79	97
80	97
81	97
82	97
83	97
84	97
85	97
86	97
141	97
142	97
143	97
144	97
145	97
81	98
82	98
83	98
84	98
85	98
86	98
87	98
141	98
142	98
143	98
144	98
145	98
82	99
83	99
84	99
85	99
86	99
87	99
88	99
141	99
142	99
143	99
144	99
145	99
83	100
84	100
85	100
86	100
87	100
88	100
89	100
90	100
91	100
141	100
142	100
143	100
144	100
145	100
85	101
86	101
87	101
88	101
89	101
90	101
91	101
92	101
141	101
142	101
143	101
144	101
145	101
86	102
87	102
88	102
89	102
90	102
91	102
92	102
93	102
94	102
141	102
142	102
143	102
144	102
145	102
87	103
88	103
89	103
90	103
91	103
92	103
93	103
94	103
95	103
142	103
143	103
144	103
145	103
89	104
90	104
91	104
92	104
93	104
94	104
95	104
96	104
141	104
142	104
143	104
144	104
145	104
90	105
91	105
92	105
93	105
94	105
95	105
96	105
97	105
98	105
99	105
141	105
142	105
143	105
144	105
145	105
92	106
93	106
94	106
95	106
96	106
97	106
98	106
99	106
100	106
101	106
102	106
103	106
141	106
142	106
143	106
144	106
145	106
93	107
94	107
95	107
96	107
97	107
98	107
99	107
100	107
101	107
102	107
103	107
104	107
141	107
142	107
143	107
144	107
145	107
96	108
97	108
98	108
99	108
100	108
101	108
102	108
103	108
104	108
105	108
106	108
107	108
141	108
142	108
143	108
144	108
145	108
98	109
99	109
100	109
101	109
102	109
103	109
104	109
105	109
106	109
107	109
108	109
109	109
142	109
143	109
144	109
145	109
99	110
100	110
101	110
102	110
103	110
104	110
105	110
106	110
107	110
108	110
109	110
110	110
142	110
143	110
144	110
145	110
102	111
103	111
104	111
105	111
106	111
107	111
108	111
109	111
110	111
111	111
112	111
113	111
114	111
115	111
116	111
117	111
141	111
142	111
143	111
144	111
145	111
105	112
106	112
107	112
108	112
109	112
110	112
111	112
112	112
113	112
114	112
115	112
116	112
117	112
118	112
119	112
120	112
141	112
142	112
143	112
144	112
145	112
108	113
109	113
110	113
111	113
112	113
113	113
114	113
115	113
116	113
117	113
118	113
119	113
120	113
121	113
122	113
141	113
142	113
143	113
144	113
145	113
112	114
113	114
114	114
115	114
116	114
117	114
118	114
119	114
120	114
121	114
122	114
123	114
124	114
125	114
141	114
142	114
143	114
144	114
145	114
114	115
115	115
116	115
117	115
118	115
119	115
120	115
121	115
122	115
123	115
124	115
125	115
126	115
141	115
142	115
143	115
144	115
145	115
117	116
118	116
119	116
120	116
121	116
122	116
123	116
124	116
125	116
126	116
127	116
128	116
129	116
141	116
142	116
143	116
144	116
145	116
122	117
123	117
124	117
125	117
126	117
127	117
128	117
129	117
131	117
141	117
142	117
143	117
144	117
124	118
125	118
126	118
127	118
128	118
129	118
130	118
131	118
132	118
141	118
142	118
143	118
144	118
127	119
128	119
129	119
130	119
131	119
132	119
133	119
134	119
141	119
142	119
143	119
144	119
128	120
129	120
130	120
131	120
132	120
133	120
134	120
135	120
136	120
137	120
138	120
139	120
140	120
141	120
142	120
143	120
130	121
131	121
132	121
133	121
134	121
135	121
136	121
137	121
138	121
139	121
140	121
141	121
142	121
143	121
131	122
132	122
133	122
134	122
135	122
136	122
137	122
138	122
139	122
140	122
141	122
142	122
133	123
134	123
135	123
136	123
137	123
138	123
139	123
140	123
141	123
135	124
136	124
137	124
138	124
139	124
135	125
136	125
137	125
138	125