93	2
94	2
95	2
96	2
97	2
93	3
94	3
95	3
96	3
97	3
92	4
93	4
94	4
95	4
97	4
98	4
90	5
91	5
92	5
93	5
97	5
98	5
89	6
90	6
97	6
87	7
88	7
89	7
90	7
96	7
97	7
87	8
88	8
89	8
96	8
97	8
86	9
87	9
96	9
97	9
86	10
87	10
96	10
97	10
85	11
86	11
96	11
84	12
85	12
96	12
84	13
85	13
96	13
83	14
84	14
96	14
83	15
84	15
95	15
96	15
82	16
83	16
95	16
96	16
82	17
83	17
95	17
96	17
82	18
95	18
81	19
82	19
95	19
81	20
82	20
95	20
80	21
81	21
95	21
96	21
80	22
81	22
95	22
96	22
80	23
95	23
96	23
53	24
54	24
55	24
56	24
57	24
58	24
59	24
60	24
61	24
62	24
63	24
64	24
65	24
66	24
67	24
68	24
69	24
70	24
71	24
72	24
73	24
74	24
75	24
76	24
77	24
78	24
79	24
80	24
96	24
47	25
48	25
49	25
50	25
51	25
52	25
53	25
54	25
55	25
56	25
57	25
58	25
59	25
60	25
61	25
62	25
63	25
64	25
65	25
66	25
67	25
68	25
69	25
70	25
71	25
72	25
73	25
74	25
75	25
76	25
77	25
78	25
79	25
80	25
96	25
44	26
45	26
46	26
47	26
48	26
49	26
96	26
41	27
42	27
43	27
44	27
45	27
46	27
95	27
96	27
39	28
40	28
41	28
42	28
43	28
95	28
96	28
37	29
38	29
39	29
40	29
95	29
96	29
35	30
36	30
37	30
38	30
95	30
96	30
34	31
35	31
36	31
95	31
32	32
33	32
34	32
35	32
95	32
96	32
31	33
32	33
33	33
34	33
95	33
96	33
7	34
8	34
9	34
10	34
11	34
30	34
31	34
32	34
95	34
96	34
6	35
7	35
8	35
10	35
11	35
12	35
28	35
29	35
30	35
31	35
95	35
96	35
6	36
7	36
11	36
12	36
27	36
28	36
29	36
75	36
76	36
77	36
78	36
79	36
80	36
96	36
5	37
6	37
11	37
12	37
26	37
27	37
28	37
73	37
74	37
75	37
76	37
77	37
80	37
81	37
96	37
5	38
6	38
12	38
13	38
25	38
26	38
71	38
72	38
73	38
74	38
80	38
81	38
82	38
96	38
4	39
5	39
12	39
13	39
24	39
25	39
26	39
70	39
71	39
72	39
81	39
82	39
96	39
4	40
5	40
12	40
13	40
22	40
23	40
24	40
25	40
68	40
69	40
70	40
71	40
82	40
83	40
96	40
4	41
5	41
13	41
14	41
22	41
23	41
66	41
67	41
68	41
69	41
82	41
83	41
96	41
4	42
5	42
13	42
14	42
20	42
21	42
22	42
66	42
67	42
83	42
96	42
4	43
14	43
15	43
19	43
20	43
21	43
64	43
65	43
66	43
83	43
84	43
96	43
4	44
15	44
16	44
17	44
18	44
19	44
20	44
63	44
64	44
65	44
83	44
84	44
96	44
4	45
16	45
17	45
18	45
62	45
63	45
84	45
96	45
4	46
61	46
62	46
63	46
84	46
85	46
96	46
4	47
60	47
61	47
84	47
85	47
96	47
4	48
60	48
61	48
85	48
86	48
96	48
4	49
59	49
60	49
85	49
86	49
96	49
4	50
58	50
59	50
60	50
86	50
87	50
96	50
4	51
57	51
58	51
86	51
87	51
96	51
4	52
57	52
58	52
87	52
88	52
96	52
4	53
56	53
57	53
87	53
88	53
89	53
96	53
4	54
55	54
56	54
57	54
88	54
89	54
90	54
96	54
4	55
5	55
55	55
56	55
89	55
90	55
91	55
96	55
4	56
5	56
54	56
55	56
90	56
91	56
92	56
96	56
4	57
5	57
54	57
55	57
92	57
93	57
94	57
95	57
96	57
97	57
5	58
6	58
53	58
54	58
93	58
94	58
95	58
96	58
5	59
6	59
53	59
54	59
5	60
6	60
52	60
53	60
6	61
7	61
52	61
53	61
6	62
7	62
51	62
52	62
6	63
7	63
51	63
52	63
6	64
7	64
50	64
51	64
6	65
7	65
50	65
51	65
6	66
7	66
49	66
50	66
6	67
7	67
49	67
50	67
7	68
48	68
49	68
50	68
7	69
48	69
49	69
7	70
48	70
49	70
7	71
47	71
48	71
7	72
47	72
48	72
7	73
47	73
48	73
7	74
47	74
50	74
51	74
52	74
53	74
54	74
55	74
56	74
7	75
47	75
48	75
49	75
50	75
51	75
55	75
56	75
57	75
7	76
47	76
56	76
57	76
7	77
56	77
57	77
7	78
56	78
57	78
7	79
56	79
57	79
7	80
55	80
56	80
7	81
54	81
55	81
7	82
54	82
55	82
7	83
53	83
54	83
7	84
52	84
53	84
7	85
51	85
52	85
53	85
7	86
50	86
51	86
52	86
7	87
48	87
49	87
50	87
51	87
7	88
8	88
47	88
48	88
49	88
50	88
7	89
8	89
46	89
47	89
48	89
7	90
8	90
43	90
44	90
45	90
46	90
47	90
8	91
42	91
43	91
44	91
45	91
8	92
42	92
43	92
8	93
9	93
42	93
8	94
9	94
42	94
8	95
9	95
42	95
8	96
9	96
42	96
43	96
9	97
42	97
43	97
9	98
43	98
44	98
9	99
10	99
43	99
44	99
9	100
10	100
44	100
45	100
9	101
10	101
44	101
45	101
46	101
10	102
45	102
46	102
10	103
46	103
47	103
10	104
11	104
46	104
47	104
48	104
10	105
11	105
47	105
48	105
11	106
12	106
47	106
48	106
11	107
12	107
39	107
40	107
41	107
48	107
49	107
11	108
12	108
38	108
39	108
40	108
41	108
42	108
48	108
49	108
12	109
13	109
38	109
39	109
41	109
42	109
43	109
44	109
45	109
46	109
47	109
48	109
12	110
13	110
38	110
39	110
44	110
45	110
46	110
47	110
12	111
13	111
38	111
12	112
13	112
38	112
13	113
14	113
37	113
38	113
13	114
14	114
15	114
37	114
38	114
14	115
15	115
37	115
38	115
15	116
16	116
36	116
37	116
15	117
16	117
36	117
37	117
16	118
17	118
36	118
37	118
16	119
17	119
18	119
36	119
37	119
17	120
18	120
19	120
36	120
37	120
18	121
19	121
20	121
36	121
37	121
19	122
20	122
21	122
22	122
36	122
37	122
21	123
22	123
23	123
24	123
36	123
37	123
23	124
24	124
25	124
36	124
25	125
26	125
35	125
36	125
25	126
26	126
35	126
36	126
25	127
26	127
35	127
36	127
26	128
27	128
35	128
36	128
26	129
27	129
35	129
36	129
26	130
27	130
35	130
36	130
27	131
28	131
35	131
36	131
27	132
28	132
35	132
36	132
27	133
28	133
35	133
36	133
28	134
29	134
34	134
35	134
28	135
29	135
30	135
31	135
33	135
34	135
35	135
29	136
30	136
31	136
32	136
33	136
34	136