18	6
19	6
18	7
19	7
16	8
17	8
18	8
19	8
15	9
16	9
17	9
18	9
19	9
14	10
15	10
16	10
19	10
20	10
13	11
14	11
15	11
19	11
20	11
12	12
13	12
14	12
19	12
20	12
12	13
13	13
14	13
19	13
20	13
11	14
12	14
13	14
19	14
20	14
10	15
11	15
12	15
19	15
20	15
10	16
11	16
19	16
20	16
9	17
10	17
11	17
19	17
20	17
21	17
9	18
10	18
19	18
20	18
21	18
8	19
9	19
10	19
20	19
21	19
8	20
9	20
20	20
21	20
8	21
9	21
20	21
21	21
22	21
7	22
8	22
21	22
22	22
7	23
8	23
22	23
23	23
6	24
7	24
8	24
22	24
23	24
24	24
6	25
7	25
23	25
24	25
6	26
7	26
23	26
24	26
25	26
5	27
6	27
7	27
24	27
25	27
26	27
5	28
6	28
25	28
26	28
27	28
28	28
5	29
6	29
27	29
28	29
29	29
30	29
5	30
6	30
28	30
29	30
30	30
31	30
5	31
6	31
30	31
31	31
32	31
33	31
34	31
5	32
6	32
32	32
33	32
34	32
35	32
36	32
37	32
5	33
6	33
34	33
35	33
36	33
37	33
38	33
39	33
40	33
5	34
6	34
37	34
38	34
39	34
40	34
41	34
42	34
5	35
6	35
40	35
41	35
42	35
43	35
44	35
45	35
46	35
47	35
48	35
49	35
50	35
51	35
52	35
5	36
6	36
43	36
44	36
45	36
46	36
47	36
48	36
49	36
50	36
51	36
52	36
53	36
54	36
55	36
56	36
57	36
58	36
59	36
60	36
61	36
62	36
63	36
64	36
65	36
66	36
5	37
6	37
55	37
56	37
57	37
58	37
59	37
60	37
61	37
62	37
63	37
64	37
65	37
66	37
67	37
68	37
69	37
70	37
71	37
72	37
5	38
6	38
67	38
68	38
69	38
70	38
71	38
72	38
73	38
74	38
5	39
6	39
70	39
71	39
72	39
73	39
74	39
75	39
76	39
5	40
6	40
74	40
75	40
76	40
77	40
78	40
6	41
7	41
76	41
77	41
78	41
79	41
6	42
7	42
77	42
78	42
79	42
80	42
81	42
6	43
7	43
79	43
80	43
81	43
82	43
83	43
6	44
7	44
8	44
81	44
82	44
83	44
84	44
85	44
7	45
8	45
83	45
84	45
85	45
86	45
87	45
7	46
8	46
9	46
85	46
86	46
87	46
88	46
8	47
9	47
87	47
88	47
8	48
9	48
10	48
87	48
88	48
89	48
90	48
9	49
10	49
11	49
89	49
90	49
91	49
10	50
11	50
12	50
90	50
91	50
92	50
10	51
11	51
12	51
13	51
91	51
92	51
12	52
13	52
92	52
93	52
12	53
13	53
14	53
92	53
93	53
94	53
13	54
14	54
15	54
16	54
93	54
94	54
95	54
14	55
15	55
16	55
17	55
94	55
95	55
96	55
15	56
16	56
17	56
18	56
95	56
96	56
17	57
18	57
19	57
95	57
96	57
97	57
18	58
19	58
20	58
21	58
96	58
97	58
19	59
20	59
21	59
22	59
23	59
96	59
97	59
98	59
21	60
22	60
23	60
24	60
25	60
97	60
98	60
99	60
23	61
24	61
25	61
97	61
98	61
99	61
24	62
25	62
26	62
27	62
28	62
29	62
98	62
99	62
26	63
27	63
28	63
29	63
30	63
31	63
99	63
100	63
29	64
30	64
31	64
32	64
99	64
100	64
31	65
32	65
33	65
100	65
101	65
32	66
33	66
100	66
101	66
32	67
33	67
100	67
101	67
32	68
33	68
101	68
102	68
31	69
32	69
33	69
101	69
102	69
31	70
32	70
101	70
102	70
30	71
31	71
32	71
101	71
102	71
103	71
30	72
31	72
101	72
102	72
103	72
30	73
31	73
102	73
103	73
29	74
30	74
31	74
102	74
103	74
29	75
30	75
31	75
103	75
104	75
29	76
30	76
103	76
104	76
29	77
30	77
103	77
104	77
28	78
29	78
30	78
103	78
104	78
28	79
29	79
30	79
103	79
104	79
28	80
29	80
103	80
104	80
28	81
29	81
104	81
105	81
28	82
29	82
104	82
105	82
27	83
28	83
104	83
105	83
27	84
28	84
104	84
105	84
27	85
28	85
104	85
105	85
27	86
28	86
104	86
105	86
27	87
28	87
104	87
105	87
27	88
28	88
104	88
27	89
28	89
104	89
105	89
27	90
28	90
104	90
105	90
27	91
28	91
104	91
105	91
106	91
27	92
28	92
105	92
106	92
27	93
28	93
105	93
106	93
107	93
108	93
27	94
28	94
106	94
107	94
108	94
109	94
27	95
28	95
108	95
109	95
27	96
28	96
108	96
109	96
110	96
27	97
28	97
109	97
110	97
111	97
112	97
28	98
110	98
111	98
112	98
113	98
28	99
112	99
113	99
114	99
28	100
113	100
114	100
115	100
116	100
28	101
29	101
115	101
116	101
117	101
118	101
28	102
29	102
116	102
117	102
118	102
119	102
120	102
121	102
122	102
28	103
29	103
78	103
79	103
80	103
81	103
82	103
118	103
119	103
120	103
121	103
122	103
123	103
124	103
125	103
126	103
28	104
29	104
30	104
78	104
79	104
80	104
81	104
82	104
83	104
84	104
122	104
123	104
124	104
125	104
126	104
127	104
128	104
129	104
130	104
131	104
132	104
133	104
134	104
135	104
136	104
28	105
29	105
30	105
77	105
78	105
82	105
83	105
84	105
85	105
86	105
127	105
128	105
129	105
130	105
131	105
132	105
133	105
134	105
135	105
136	105
137	105
138	105
29	106
30	106
77	106
78	106
84	106
85	106
86	106
87	106
88	106
137	106
138	106
139	106
29	107
30	107
77	107
78	107
86	107
87	107
88	107
89	107
90	107
91	107
137	107
138	107
139	107
29	108
30	108
77	108
78	108
88	108
89	108
90	108
91	108
92	108
137	108
138	108
139	108
29	109
30	109
31	109
77	109
91	109
92	109
93	109
94	109
137	109
138	109
30	110
31	110
76	110
77	110
92	110
93	110
94	110
95	110
96	110
137	110
138	110
30	111
31	111
76	111
77	111
94	111
95	111
96	111
97	111
137	111
138	111
30	112
31	112
76	112
77	112
96	112
97	112
98	112
99	112
137	112
138	112
30	113
31	113
76	113
77	113
97	113
98	113
99	113
100	113
137	113
138	113
31	114
32	114
76	114
77	114
99	114
100	114
101	114
102	114
137	114
138	114
31	115
32	115
76	115
77	115
100	115
101	115
102	115
103	115
136	115
137	115
31	116
32	116
76	116
77	116
101	116
102	116
103	116
104	116
136	116
137	116
31	117
32	117
76	117
77	117
102	117
103	117
104	117
105	117
106	117
136	117
137	117
32	118
33	118
76	118
104	118
105	118
106	118
107	118
108	118
135	118
136	118
32	119
33	119
75	119
76	119
106	119
107	119
108	119
135	119
136	119
32	120
33	120
34	120
75	120
76	120
107	120
108	120
109	120
135	120
136	120
32	121
33	121
34	121
75	121
76	121
108	121
109	121
110	121
134	121
135	121
136	121
33	122
34	122
74	122
75	122
76	122
109	122
110	122
111	122
112	122
134	122
135	122
33	123
34	123
35	123
74	123
75	123
76	123
110	123
111	123
112	123
113	123
133	123
134	123
135	123
34	124
35	124
74	124
75	124
112	124
113	124
133	124
134	124
135	124
34	125
35	125
74	125
75	125
112	125
113	125
114	125
133	125
134	125
35	126
36	126
73	126
74	126
75	126
113	126
114	126
115	126
133	126
134	126
35	127
36	127
73	127
74	127
114	127
115	127
133	127
134	127
35	128
36	128
72	128
73	128
74	128
114	128
115	128
116	128
117	128
132	128
133	128
35	129
36	129
72	129
73	129
115	129
116	129
117	129
132	129
133	129
35	130
36	130
72	130
73	130
116	130
117	130
118	130
132	130
133	130
36	131
37	131
71	131
72	131
73	131
117	131
118	131
132	131
133	131
36	132
37	132
71	132
72	132
117	132
118	132
119	132
132	132
133	132
36	133
37	133
71	133
72	133
118	133
119	133
132	133
133	133
36	134
37	134
70	134
71	134
72	134
118	134
119	134
131	134
132	134
36	135
37	135
38	135
70	135
71	135
119	135
120	135
131	135
132	135
37	136
38	136
69	136
70	136
71	136
119	136
120	136
121	136
130	136
131	136
132	136
37	137
38	137
69	137
70	137
119	137
120	137
121	137
130	137
131	137
37	138
38	138
69	138
70	138
121	138
122	138
130	138
131	138
37	139
38	139
68	139
69	139
121	139
122	139
123	139
129	139
130	139
131	139
37	140
38	140
67	140
68	140
69	140
122	140
123	140
129	140
130	140
38	141
66	141
67	141
68	141
122	141
123	141
129	141
130	141
38	142
39	142
66	142
67	142
122	142
123	142
128	142
129	142
130	142
38	143
39	143
65	143
66	143
67	143
123	143
124	143
128	143
129	143
130	143
38	144
39	144
64	144
65	144
66	144
123	144
124	144
128	144
129	144
38	145
39	145
64	145
65	145
124	145
125	145
127	145
128	145
38	146
39	146
63	146
64	146
65	146
124	146
125	146
126	146
127	146
128	146
38	147
39	147
63	147
64	147
125	147
126	147
127	147
38	148
62	148
63	148
64	148
125	148
126	148
127	148
38	149
61	149
62	149
63	149
126	149
127	149
38	150
60	150
61	150
62	150
38	151
59	151
60	151
61	151
37	152
38	152
59	152
60	152
61	152
37	153
38	153
58	153
59	153
60	153
37	154
38	154
57	154
58	154
59	154
37	155
38	155
56	155
57	155
58	155
37	156
38	156
55	156
56	156
57	156
37	157
38	157
54	157
55	157
56	157
57	157
37	158
38	158
52	158
53	158
54	158
55	158
36	159
37	159
51	159
52	159
53	159
54	159
36	160
37	160
50	160
51	160
52	160
36	161
37	161
49	161
50	161
51	161
35	162
36	162
48	162
49	162
50	162
51	162
35	163
36	163
47	163
48	163
49	163
35	164
36	164
46	164
47	164
48	164
35	165
36	165
45	165
46	165
47	165
35	166
36	166
43	166
44	166
45	166
46	166
35	167
36	167
41	167
42	167
43	167
44	167
45	167
35	168
38	168
39	168
40	168
41	168
42	168
43	168
35	169
36	169
37	169
38	169
39	169
40	169
41	169
35	170
36	170
37	170
38	170
39	170