18	7
17	8
15	9
18	9
15	10
20	10
15	11
12	12
19	12
12	13
19	13
12	14
20	14
12	15
10	16
20	16
11	17
21	17
19	18
8	19
20	19
9	20
8	21
21	21
7	22
22	22
8	23
6	24
22	24
6	25
24	25
23	26
5	27
24	27
5	28
26	28
5	29
28	29
5	30
29	30
5	31
31	31
34	31
32	32
35	32
5	33
35	33
38	33
5	34
38	34
41	34
6	35
42	35
45	35
48	35
51	35
6	36
45	36
48	36
51	36
54	36
57	36
60	36
63	36
66	36
55	37
58	37
61	37
64	37
67	37
70	37
5	38
68	38
71	38
74	38
70	39
73	39
76	39
74	40
77	40
7	41
78	41
7	42
79	42
6	43
80	43
83	43
8	44
83	44
7	45
84	45
87	45
9	46
87	46
9	47
8	48
87	48
90	48
11	49
91	49
12	50
92	50
12	51
92	51
92	52
13	53
93	53
14	54
93	54
14	55
17	55
96	55
17	56
96	56
19	57
97	57
20	58
97	58
21	59
96	59
21	60
24	60
98	60
24	61
98	61
25	62
28	62
99	62
28	63
31	63
29	64
32	64
31	65
100	65
33	66
32	67
101	67
101	68
32	69
102	69
101	70
31	71
102	71
31	72
103	72
102	73
30	74
103	74
31	75
29	76
104	76
103	77
29	78
104	78
30	79
28	80
104	80
104	81
29	82
27	83
105	83
104	84
28	85
27	86
105	86
104	87
28	88
28	89
27	90
105	90
104	91
27	92
106	92
105	93
108	93
106	94
109	94
108	95
28	96
110	96
109	97
112	97
111	98
28	99
114	99
114	100
28	101
116	101
28	102
117	102
120	102
28	103
79	103
82	103
120	103
123	103
126	103
30	104
80	104
83	104
123	104
126	104
129	104
132	104
135	104
29	105
78	105
84	105
127	105
130	105
133	105
136	105
29	106
78	106
86	106
137	106
29	107
78	107
88	107
91	107
139	107
77	108
89	108
92	108
139	108
31	109
92	109
137	109
31	110
92	110
95	110
138	110
76	111
95	111
137	111
31	112
96	112
99	112
30	113
77	113
99	113
138	113
76	114
100	114
137	114
32	115
100	115
103	115
31	116
77	116
103	116
137	116
76	117
103	117
106	117
32	118
104	118
107	118
136	118
75	119
107	119
136	119
34	120
107	120
135	120
33	121
76	121
110	121
136	121
74	122
109	122
112	122
33	123
74	123
110	123
113	123
135	123
74	124
113	124
135	124
74	125
113	125
134	125
73	126
113	126
133	126
36	127
114	127
134	127
72	128
114	128
117	128
35	129
73	129
117	129
35	130
73	130
118	130
36	131
72	131
118	131
36	132
72	132
119	132
36	133
72	133
132	133
37	134
72	134
131	134
37	135
71	135
131	135
38	136
71	136
121	136
132	136
69	137
120	137
131	137
69	138
122	138
37	139
69	139
123	139
131	139
67	140
122	140
130	140
67	141
123	141
38	142
67	142
128	142
38	143
66	143
124	143
130	143
64	144
123	144
129	144
64	145
125	145
38	146
64	146
125	146
128	146
63	147
126	147
62	148
125	148
38	149
63	149
38	150
62	150
60	151
38	152
61	152
58	153
37	154
58	154
38	155
58	155
55	156
37	157
55	157
37	158
53	158
36	159
52	159
36	160
51	160
37	161
51	161
48	162
51	162
47	163
35	164
47	164
36	165
47	165
43	166
46	166
41	167
44	167
38	168
41	168
35	169
38	169
41	169
37	170