-174 -116
-298 -88
-325 -41
-272 -6
-171 5
-49 -25
-90 -40
-99 -61
-24 -78
-156 -129
-246 -86
-245 -128
-215 -132
-212 -100
-226 -73
-235 -78
-239 -66
-329 -64
-292 -64
-299 -48
-277 -36
-310 -21
-222 23
-262 16
-217 11
-183 -26
-138 -33
-143 -24
-159 14
-173 22
-28 -3
-122 -11
-105 -56
-79 -58
-60 -72
-123 -100
-153 -81
-177 -84
-155 -105
-144 -119
-24 -103
-12 -101
-8 -113
-269 -130
-282 -123
-295 -112
-284 -106
-265 -108
-269 -114
-248 -114
-259 -134
-232 -142
-216 -143
-204 -143
-186 -141
-190 -124
-196 -117
-226 -117
-245 -138
-238 -105
-218 -99
-186 -81
-175 -94
-181 -68
-194 -70
-203 -63
-212 -78
-271 -69
-279 -73
-271 -94
-271 -103
-304 -102
-313 -90
-321 -78
-309 -72
-324 -60
-318 -52
-266 -52
-256 -54
-245 -26
-302 -35
-318 -32
-323 -46
-284 -14
-301 -11
-289 0
-276 10
-250 18
-250 2
-252 -17
-259 -24
-218 -11
-213 0
-232 6
-234 23
-208 24
-190 24
-191 0
-199 -6
-175 -38
-192 -14
-221 -30
-222 -36
-221 -39
-203 -39
-179 -52
-179 -62
-175 -42
-119 -45
-85 -49
-78 -42
-62 -43
-66 -36
-100 -29
-150 -41
-151 -37
-165 -21
-149 -16
-170 -6
-147 8
-133 -1
-111 -21
-128 -24
-61 -28
-39 0
-21 5
-30 11
-22 16
-16 16
-11 12
-9 7
-16 -5
-24 -20
-34 -13
-44 -7
-47 -13
-57 -35
-54 -22
-43 -23
-39 -43
-35 -32
-48 -49
-37 -52
-31 -61
-27 -70
-87 -66
-70 -60
-53 -59
-71 -49
-89 -56
-106 -51
-156 -59
-159 -59
-172 -59
-143 -70
-137 -61
-136 -72
-100 -76
-116 -72
-144 -86
-149 -87
-169 -137
-158 -112
-132 -110
-110 -90
-39 -97
-48 -85
-40 -76
-42 -72
-18 -91
-28 -96
-28 -109
-16 -122
-7 -125
-260 -125
-163 -51
