709	379
757	359
746	310
701	153
663	118
531	103
457	186
413	162
389	262
346	293
361	498
409	561
396	611
446	618
601	627
673	569
712	532
628	217
596	543
606	422
521	530
568	294
429	463
616	318
528	349
613	485
516	297
556	480
476	369
467	566
671	342
655	173
554	575
630	282
533	275
500	199
392	362
367	326
649	558
557	520
592	454
574	217
438	363
474	476
589	265
495	591
484	515
542	386
458	67
634	430
679	502
674	623
399	504
629	314
595	133
476	132
458	155
391	326
546	331
440	300
489	313
508	263
511	393
512	366
564	413
456	246
423	407
332	372