728	370
759	353
746	320
737	242
712	215
717	169
694	138
628	116
596	132
561	148
567	112
531	103
467	71
476	108
476	144
504	168
460	176
428	160
392	175
398	211
374	239
381	274
354	297
337	369
349	402
336	435
366	500
396	614
607	622
646	615
661	583
692	561
712	532
686	506
654	482
646	447
625	417
535	541
543	462
554	297
381	465
687	343
428	336
624	267
435	216
628	373
553	576
492	283
695	269
459	398
642	327
442	509
494	210
592	548
452	294
615	172
625	224
388	344
410	304
603	507
683	195
580	329
687	307
570	419
594	464
622	578
570	364
632	541
656	161
568	499
591	280
383	412
526	423
494	533
408	251
657	283
597	390
511	132
449	79
431	243
437	277
338	305
659	405
531	644
544	622
522	627
452	606
471	614
417	619
443	578
500	570
547	586
530	568
540	514
488	458
519	478
569	346
611	362
662	205
698	289
555	396
509	372
574	200
744	272
659	107
662	185
724	327
697	163
594	236
485	350
542	250
480	251
560	540
575	529
548	484
676	620
430	519
401	503
411	549