667	407
678	394
692	386
709	379
728	370
740	360
748	373
757	359
761	341
757	326
744	318
738	299
744	279
736	265
736	249
727	235
715	224
719	209
723	188
717	169
701	153
694	138
688	124
670	120
658	108
643	110
631	120
612	126
597	131
587	146
573	139
558	138
572	112
556	117
541	107
525	105
527	90
510	79
493	79
479	71
460	70
450	83
470	85
479	98
466	109
473	124
481	137
493	149
504	168
476	152
461	150
457	165
457	180
439	180
436	163
417	162
401	162
392	175
404	188
398	211
391	225
383	239
384	254
388	269
374	278
373	293
354	297
338	297
341	314
346	333
338	346
328	358
336	371
340	386
348	399
344	414
335	428
340	443
354	450
345	471
356	484
361	499
376	498
392	502
406	508
421	510
435	517
421	535
409	557
402	576
402	591
396	611
408	622
425	622
440	621
449	604
461	614
476	614
495	623
510	622
524	629
532	642
546	633
568	627
588	634
602	627
619	619
634	619
649	617
665	617
675	629
672	603
666	589
673	569
688	565
695	550
712	544
713	529
702	517
686	506
671	492
654	482
647	468
646	447
635	436
625	417
642	411
513	516
665	224
414	329
492	223
692	228
639	600
635	555
495	606
507	541
670	173
565	307
583	552
520	411
503	356
506	119
542	477
457	574
673	251
567	516
644	329
587	324
655	239
595	460
466	343
607	424
537	498
487	259
448	365
495	238
681	158
467	555
372	431
640	215
475	210
571	338
677	308
571	381
413	411
404	459
584	517
546	276
415	358
429	246
541	515
519	198
430	550
544	222
623	230
474	570
409	484
553	536
609	597
429	460
595	239
476	441
531	241
482	536
731	347
611	369
555	323
685	338
600	508
396	396
589	615
646	161
698	275
602	558
439	325
502	328
460	518
510	459
382	325
543	187
492	422
638	488
705	349
629	535
377	474
523	304
614	460
369	315
526	541
523	432
541	317
503	378
477	190
474	378
503	209
537	208
544	298
408	229
665	137
633	356
504	135
587	361
446	232
556	257
585	167
383	341
534	165
655	174
484	503
667	512
555	586
430	417
471	292
560	235
510	312
383	414
596	377
432	582
597	286
710	287
649	544
685	211
452	209
526	456
583	197
552	605
542	455
521	130
699	313
447	473
651	278
621	383
621	333
484	353
488	386
693	260
503	93
601	317
571	219
452	310
638	265
406	262
422	276
474	270
397	292
649	314
581	306
562	494
448	273
396	442
466	245
507	594
415	203
647	197
539	358
493	301
419	572
617	563
505	477
501	497
708	196
428	303
659	333
571	441
684	193
459	407
480	597
464	535
574	579
384	369
434	204
565	472
650	391
564	551
623	140
499	558
531	332
588	342
651	580
471	228
540	399
577	256
598	482
398	378
641	245
631	518
674	352
622	160
602	271
634	309
520	484
710	260
611	215
535	561
661	378
475	475
446	452
425	478
620	193
535	258
520	374
569	405
356	363
369	374
473	399
517	265
593	598
664	296
707	326
436	491
412	439
636	373
522	154
621	293
654	350
437	535
493	585
542	421
424	375
568	178
561	277
368	402
577	422
594	210
610	240
438	437
456	488
400	337
614	438
497	440
602	335
542	384
485	315
454	379
585	392
458	438
500	187
618	259
558	204
705	181
674	540
491	117
437	350
638	174
609	523
599	583
440	404
489	170
629	471
629	503
540	584
564	160
566	355
593	436
604	355
472	168
483	519
394	479
577	285
690	298
518	213
609	180
493	467
455	287
552	344
555	444
640	292
479	457
538	141
494	341
520	608
360	418
635	393
449	339
413	604
509	398
606	389
461	591
652	257
552	172
570	534
592	531
630	587
536	605
510	232
687	526
491	277
620	400
607	149
531	290
620	348
366	337
616	579
490	404
614	495
708	243
605	540
676	271
514	567
367	458
631	456
578	493
668	203
549	156
570	601
655	498
578	455
579	234
430	602
424	187
414	243
514	286
376	388
525	181
462	456
678	378
566	566
383	307
383	457
557	372
461	328
467	361
609	303
726	278
720	312
354	348
460	196
425	396
523	348
659	152
402	310
557	392
475	417
692	170
614	478
652	564
450	421
428	225
637	148
480	335
556	428
600	193
723	334
570	323
451	251
656	528
471	495
624	278
428	261
589	412
514	249
656	602
439	381
646	511
677	236
523	582
700	210
416	293
397	354
487	487
624	601
680	286
686	364
580	475
398	247
371	353
619	548
675	323
437	564
448	546
605	165
539	122
521	500
444	504
650	139
554	411
586	271
399	423
538	436
546	241
420	343
489	200
437	286
469	313
632	572
421	494
490	370
529	275
601	254
497	529
522	389
549	552
651	123
529	224
625	208
507	423
603	406
714	362
650	367
746	337
662	189
356	382
588	567
538	620
527	525
484	553
355	434
619	316
562	292
550	568
516	334
412	387