667	407
689	393
713	376
736	358
760	350
756	324
738	299
741	267
737	242
716	225
723	200
717	169
694	148
678	128
658	108
632	117
602	128
581	145
572	112
541	107
524	83
499	77
474	71
450	81
478	97
465	119
475	142
498	153
514	173
457	161
457	186
431	159
406	161
390	181
398	211
390	237
389	262
372	283
346	293
344	318
338	343
337	369
344	398
337	423
348	449
345	474
361	497
389	504
415	510
421	535
409	557
400	582
396	611
422	622
447	617
472	614
500	625
534	637
557	625
588	634
619	619
646	615
672	628
674	600
666	574
689	564
712	544
704	520
679	501
654	482
643	456
630	432
569	292
651	265
422	189
617	149
672	209
407	405
394	330
450	319
463	565
615	200
543	249
447	455
597	334
532	527
634	547
585	427
431	255
599	222
489	550
552	359
541	438
590	269
622	381
516	355
475	217
585	527
391	461
533	134
512	419
490	243
676	183
417	361
404	290
443	507
462	346
483	290
606	460
615	484
630	244
645	589
498	522
453	588
547	590
531	481
620	515
670	542
383	388
472	432
633	334
371	312
527	309
503	492
641	208
486	575
481	402
438	556
456	408
471	495
569	568
643	302
515	199
569	391
487	176
529	226
662	336
692	248
642	364
542	401
574	186
481	324
501	457
422	318
707	299
555	467
365	414
677	305
536	276
712	328
653	508
606	562
420	230
376	356
557	327
650	137
460	244
664	159
431	391
618	586
688	350
559	501
448	292
552	167
415	470
506	264
568	227
640	177
595	308
502	112
488	376
511	388
469	534
524	612
588	607
464	270
518	569
586	488
593	368
509	330
596	403
569	253
672	374
413	444
632	406
445	216
470	465
623	279
461	374
581	458
679	280
714	261
425	585
665	234
543	561
601	176
433	427
494	600
616	354
540	196
448	480
574	347
373	442
698	207
510	290
562	543