667	407
685	391
709	379
728	370
748	373
758	355
759	335
744	318
738	298
741	267
737	242
716	225
722	203
717	169
701	153
692	133
674	124
658	108
638	111
619	125
599	128
587	146
567	142
572	112
552	113
531	103
524	83
501	80
479	71
458	70
475	93
464	111
474	129
483	147
500	160
517	174
463	148
458	168
457	188
438	179
431	159
411	161
392	175
406	190
398	211
390	230
374	244
389	258
379	276
365	294
344	293
341	314
342	338
329	354
333	374
344	391
350	411
336	426
344	446
345	471
360	493
379	503
399	501
420	510
428	529
413	546
406	568
402	588
396	611
415	622
435	619
449	604
466	616
495	623
519	626
532	642
543	623
568	627
588	634
607	622
629	619
649	617
672	628
671	605
663	586
680	567
695	550
713	541
708	521
690	510
671	492
650	475
643	456
635	436
625	417
644	410
483	465
512	125
657	136
713	352
535	248
664	192
722	314
525	427
615	601
367	442
634	238
565	288
590	382
454	236
606	299
477	308
514	385
638	386
524	510
631	494
673	373
665	162
469	363
580	569
620	177
642	338
495	299
591	504
489	391
542	493
450	356
388	440
392	342
418	235
699	292
547	216
549	452
566	506
669	291
545	302
466	538
540	197
568	482
475	575
605	482
408	293
456	491
463	395
493	340
633	580
545	383
633	288
679	261
603	218
526	583
686	214
514	267
570	603
430	335
433	370
424	268
475	268
445	561
565	340
490	190
384	363
615	359
371	385
486	488
714	269
522	315
371	466
646	557
398	412
458	422
365	324
524	345
598	190
429	391
438	286
376	406
611	279
494	519
614	389
623	331
521	550
615	145
496	568
588	457
577	258
554	409
666	226
583	350
620	541
532	158
520	199
430	436
418	313
709	245
600	440
464	333
495	103
575	216
639	184
620	468
535	276
483	598
690	333
558	538
650	213
518	223
580	405
405	369
636	361
628	263
449	445
517	407
401	475
363	346
560	170
661	529
442	256
593	244
498	542
577	431
552	589
632	517
490	223
579	531
483	442
464	516
600	584
489	251
650	319
691	187
549	356
443	308
458	214
565	388
508	485
537	469
518	458
668	340
438	219
434	494
638	161
683	309
595	317
545	327
504	433
571	188
604	420
623	204
652	505
529	137
676	543
558	245
604	560
482	411
656	357
437	464
504	364
565	315
351	365
590	166
397	388
607	520
410	448
726	335
520	295
592	608
393	321
556	562
423	590
466	289
418	208
653	254
624	311
553	431
481	168
524	366
540	525
446	541
549	133
684	235
599	540
519	604
654	277
613	246
423	416
463	463
602	342
555	267
477	207
452	582
591	284
690	359
386	302
570	368
635	138
513	247
640	537
501	320
474	237
624	562
419	352
427	570
658	388
481	553
496	279
686	167
503	588
441	510