667	407
692	386
721	373
751	373
761	341
746	315
744	279
736	249
716	225
723	188
715	158
692	133
663	118
632	117
602	128
573	139
554	115
525	105
510	79
479	71
450	81
481	101
481	133
499	159
457	161
422	160
392	175
398	211
383	239
388	269
371	294
338	297
346	333
328	358
340	386
339	417
344	447
352	478
376	498
405	508
435	517
413	546
402	576
396	611
425	622
452	605
484	616
519	626
551	626
588	634
619	619
649	617
679	616
666	588
687	565
712	544
701	516
671	492
647	468
635	436
463	417
559	182
605	279
486	282
582	384
647	192
565	546
559	314
389	336
678	332
589	435
591	244
634	367
479	537
601	337
494	427
681	260
690	192
483	494
559	415
579	491
408	393
388	448
441	204
549	495
525	320
503	580
557	361
611	457
526	412
625	256
371	401
447	369
645	287
549	254
608	501
486	227
646	526
641	563
431	247
543	443
426	478
665	152
430	318
519	510
576	595
504	361
460	335
521	475
619	220
536	207
700	297
599	563
533	151
564	280
609	412
507	196
443	445
709	336
650	226
592	188
632	325
616	156
439	398
516	261
459	571
663	359
443	275
492	461
480	387
534	565
381	367
410	426
471	194
490	332
534	599
410	358
565	217
682	228
592	530
623	588
456	230
414	290
458	305
532	382
510	541
570	460
531	289
711	269
607	305
471	258
466	473
526	233