667	407
689	393
713	376
736	358
760	350
756	324
738	299
737	242
716	225
723	200
717	169
694	148
678	128
658	108
632	117
602	128
581	145
572	112
541	107
524	83
499	77
474	71
450	81
478	97
465	119
475	142
498	153
457	161
457	186
406	161
390	181
398	211
390	237
389	262
372	283
346	293
344	318
344	398
337	423
348	449
345	474
361	497
415	510
421	535
409	557
400	582
396	611
472	614
500	625
534	637
588	634
619	619
646	615
672	628
674	600
666	574
689	564
712	544
704	520
654	482
470	528
588	506
694	280
599	183
656	348
618	475
417	364
473	276
477	392
645	237
651	286
575	586
503	531
595	380
553	417
466	587
495	598
451	238
629	403
559	187
485	182
602	556
524	362
493	499
525	427
469	458
586	430
407	426
630	358
445	213
611	585
543	517
630	538
674	218
559	548
466	420
611	207
494	213
506	404
554	492
552	359
708	348
649	515
559	456
433	399
617	240
533	585
418	229
518	494
616	511
394	381
614	292
395	309
477	238
427	260
655	547
584	536
585	461
573	400
652	145
600	405
377	357
554	261
511	234
723	324
424	197
587	608
675	297
440	518
494	440
638	587
552	131
369	391
716	256
533	610
577	360
539	215
573	481
541	442
567	503
432	296
696	182
658	372
422	597
481	561
496	573
509	561
661	266
675	255
676	269
630	271
574	234
503	111
535	277
574	252
602	253
503	280
382	316
370	305
365	324
515	331
404	340
370	425
390	410
432	441
440	425
503	227
478	209
508	199
522	188
527	208
701	332
528	348
528	313
644	189
654	186
657	204
618	158
626	140
619	123
669	202
660	227
637	216
650	529
631	567
612	527
614	562
645	327
629	341
451	437
471	442
442	475
570	206
590	224
555	115
526	131
534	158
491	373
454	295
448	279
467	298
456	337
434	619
441	174
328	357
628	421
645	448
671	510
743	280
384	461
532	246
630	521
638	492
442	562
516	213
530	226
558	237
589	208
559	220
582	323
499	352
543	377
554	344
390	492
550	622
570	620
677	552