667	407
678	394
709	379
728	370
740	360
748	373
757	359
761	341
738	299
744	279
736	265
736	249
715	224
719	209
723	188
717	169
701	153
694	138
688	124
670	120
658	108
612	126
597	131
587	146
573	139
558	138
572	112
556	117
541	107
525	105
527	90
510	79
493	79
460	70
450	83
470	85
479	98
466	109
473	124
481	137
493	149
504	168
476	152
461	150
457	165
457	180
439	180
436	163
401	162
392	175
404	188
398	211
383	239
384	254
388	269
374	278
373	293
354	297
338	297
346	333
338	346
328	358
340	386
348	399
344	414
335	428
354	450
345	471
356	484
361	499
392	502
406	508
421	510
435	517
421	535
409	557
402	591
396	611
408	622
440	621
449	604
461	614
495	623
510	622
524	629
532	642
546	633
568	627
588	634
602	627
619	619
665	617
675	629
672	603
666	589
673	569
688	565
695	550
712	544
713	529
671	492
654	482
647	468
646	447
635	436
625	417
642	411
460	381
421	239
608	363
406	393
556	523
719	327
394	340
539	480
458	551
606	580
625	233
561	495
604	194
440	580
558	590
684	188
560	555
670	245
618	309
560	395
440	335
642	213
526	356
665	350
691	274
675	308
649	534
463	237
650	297
571	230
591	399
364	368
462	416
419	475
592	326
507	460
642	173
510	378
409	361
519	304
402	439
524	541
665	157
587	445
507	560
588	259
635	355
535	160
380	472
638	381
497	491
579	535
563	424
693	340
460	209
539	234
518	593
524	137
423	280
581	363
547	286
425	422
476	579
435	380
380	408
584	300
515	192
625	510
635	562
389	315
432	210
559	309
452	463
484	195
658	270
601	224
426	447
460	525
552	259
595	514
528	444
705	295
636	328
701	245
414	315
497	116
600	423
588	560
581	604
631	593
623	458
674	531
567	164
486	386
536	383
625	483
534	570
632	147
551	454
454	356
441	489
439	247
660	339
670	379
695	370
710	353
677	359
647	397
480	448
458	444
453	435
515	417
483	427
500	545
537	503
649	500
656	524
663	557
492	357
480	345
601	169
618	185
616	162
611	148
657	129
648	160
658	188
513	225
571	195
573	279
391	299
354	327
363	342
373	322
370	314
373	350
385	370
704	318
692	233
706	184
679	153
720	266
722	294
370	420
365	471
401	474
380	449
405	410
362	392
347	354
383	389
375	432
383	427
390	450
422	463
446	411
541	467
568	473
570	442
661	232
687	214
680	177
496	99
513	92
506	133
421	594
439	594
454	587
467	568
565	541
534	549
541	536
551	537
554	336
435	504
447	521
450	509
438	527
434	538
429	525
360	424
679	258
678	224
658	167
649	150
666	140
681	143
530	425
519	314
537	330
538	309
578	332
569	294
590	277
578	318
632	264
618	269
467	314
463	284
509	275
580	459
542	443
559	436
656	210
668	283
629	286
678	294
669	309
674	328
748	344
747	333
734	337
733	320
716	307
496	256
425	404
419	390
396	372
421	434
552	484
566	457
522	496
519	526
670	522
684	507
636	582
620	577
612	560
619	538
598	486
473	476
484	524
548	185