-87 -46
31 25
48 31
-60 59
-175 -171
-189 -163
-182 -143
-142 -139
-21 67
-34 173
100.409 193.747
59 85
98 67
58 29
-17 2
2 -19
-12 -33
-183 -151
-170 -200
-158 -150
-151 -186
-149 -183
-144 -161
-67 -85
-68 -62
-73 -93
-104 -113
-109 -141
-128 -124
-132 -143
-48 -57
-61 -51
-75 -46
-79 -27
-72 -15
-56 -14
-60 3
-39 165
-42 130
-44 121
-39 82
-39 50
-40 34
-39 -50
67 95
-33 97
-25 144
-28 168
-26.8701 176.777
-24 199
107.48 195.161
114.551 193.747
101.823 183.848
86 120
82 113
85 100
75 95
116 65
113 53
107 78
85 92
59 73
48 90
-29 84
-30 -15
-19 40
-9 -1
7 49
12 24
67 16
103 40
-183 -180
-188 -178
-191 -172
-196 -166
-178 -162
-199 -159
-177 -180
-168 -183
-173 -187
-172 -194
-163 -194
-167 -206
-163 -206
-162 -189
-161 -202
-161 -197
-161 -184
-159 -206
-157 -185
-125 -160
-131 -166
-137 -172
-143 -177
-148 -180
-159 -176
-161 -170
-162 -156
-151 -146
-140 -154
-129 -152
-119 -153
-113 -148
-97 -126
-102 -133
-110 -125
-117 -142
-120 -126
-135 -132
-166 -145
-202 -130
-196 -135
-188 -141
-173 -143
-195 -145
-195 -151
-202 -152
-207 -146
-204 -141
-213 -141
-216 -135
-208 -132
-216 -131
-210 -129
-121 -114
-117 -107
-94 -106
-92 -120
-85 -112
-79 -102
-76 -80
-85 -88
-89 -82
-98 -76
-100 -95
-104 -87
-109 -98
-75 -69
-92 -66
-85 -63
-90 -55
-84 -36
-70 39
-69 48
-58 46
-66 25
-59 11
-67 -8
-68 -33
-57 -66
-63 -75
-45 93
-45 107
-41 141
-43 148
-40 157
-39.598 173.948
-36 201
-35.3553 193.747
-36.7696 182.434
-33 157
-35 140
-32 125
-36 113
-32 10
-43 2
-45 70
-47 18
-49 80
-54 67
-54 29
-57 -44
-54 -23
-46 -31
-44 -13
-39 -1
-36 -33
-31 -45
-9 89
0 83
5 86
34 80
65 87
95 82
93 102
70 100
38 93
23 93
11 91
-16 94
-22 98
-23 105
-23 115
-25 135
-25 156
-25.4558 185.262
-22.6274 193.747
-30 201
93 150
95 142
91 139
90 132
-22 123
95 119
75 108
98 157
102 164
107 168
106.066 175.362
108 200
98.9949 202.233
117.38 200.818
109 185
120.208 183.848
114.551 179.605
121.622 176.777
117 167
110 160
117 155
117 146
115 137
112 129
105 150
105 138
99 138
100 104
101 91
104 122
111 117
112 107
114 95
116 86
116 74
114 66
108 59
97 54
100 52
109 46
86 37
97 43
94 43
80 45
77 56
90 62
78 78
70 65
55 56
39 63
17 72
10 59
-9 63
-27 57
-5 47
21 39
26 55
32 50
44 37
66 38
76 49
7 11
7 -5
-10 32
-10 19
-23 15
-27 28
-26 -31
-22 -41
-21 -20
-14 -11
-12 -23
-2 -25
3 -12
8 -9
15 -5
21 1
31 7
40 9
22 15
44 21
98 32
80 29
89 29
82 26
76 22
59 14
47 11
103 172
