10	2
11	2
9	3
10	3
11	3
12	3
8	4
9	4
10	4
11	4
12	4
7	5
8	5
9	5
10	5
11	5
5	6
6	6
7	6
8	6
10	6
11	6
4	7
5	7
6	7
9	7
10	7
4	8
5	8
6	8
9	8
10	8
5	9
6	9
7	9
9	9
10	9
11	9
12	9
6	10
7	10
8	10
11	10
12	10
13	10
14	10
7	11
8	11
9	11
10	11
13	11
14	11
15	11
16	11
9	12
10	12
11	12
15	12
16	12
17	12
18	12
19	12
10	13
11	13
12	13
17	13
18	13
19	13
20	13
21	13
11	14
12	14
13	14
14	14
19	14
20	14
21	14
22	14
23	14
13	15
14	15
15	15
22	15
23	15
24	15
25	15
14	16
15	16
16	16
23	16
24	16
25	16
26	16
15	17
16	17
17	17
25	17
26	17
27	17
28	17
29	17
30	17
31	17
32	17
33	17
17	18
18	18
19	18
26	18
27	18
28	18
29	18
30	18
31	18
32	18
33	18
34	18
35	18
36	18
37	18
38	18
18	19
19	19
20	19
34	19
35	19
36	19
37	19
38	19
39	19
40	19
41	19
19	20
20	20
21	20
39	20
40	20
41	20
20	21
21	21
37	21
38	21
39	21
40	21
41	21
20	22
21	22
36	22
37	22
38	22
39	22
40	22
41	22
21	23
22	23
35	23
36	23
21	24
22	24
23	24
35	24
36	24
22	25
23	25
35	25
36	25
23	26
24	26
25	26
35	26
36	26
24	27
25	27
35	27
36	27
25	28
26	28
35	28
36	28
25	29
26	29
35	29
36	29
37	29
26	30
27	30
35	30
36	30
37	30
38	30
39	30
26	31
27	31
38	31
39	31
40	31
41	31
26	32
27	32
28	32
40	32
41	32
27	33
28	33
27	34
28	34
29	34
30	34
29	35
30	35
31	35
32	35
33	35
34	35
35	35
36	35
37	35
38	35
39	35
40	35
41	35
30	36
31	36
32	36
33	36
34	36
35	36
36	36
37	36
38	36
39	36
40	36
41	36