69	14
70	14
71	14
66	15
67	15
68	15
69	15
70	15
71	15
63	16
64	16
65	16
66	16
67	16
68	16
69	16
70	16
71	16
62	17
63	17
64	17
65	17
66	17
67	17
68	17
69	17
70	17
71	17
60	18
61	18
62	18
63	18
64	18
65	18
69	18
70	18
71	18
59	19
60	19
61	19
62	19
63	19
69	19
70	19
71	19
72	19
58	20
59	20
60	20
61	20
62	20
70	20
71	20
72	20
57	21
58	21
59	21
60	21
61	21
70	21
71	21
72	21
73	21
56	22
57	22
58	22
59	22
60	22
70	22
71	22
72	22
73	22
55	23
56	23
57	23
58	23
59	23
69	23
70	23
71	23
72	23
73	23
54	24
55	24
56	24
57	24
58	24
68	24
69	24
70	24
71	24
72	24
53	25
54	25
55	25
56	25
57	25
67	25
68	25
69	25
70	25
71	25
52	26
53	26
54	26
55	26
56	26
66	26
67	26
68	26
69	26
70	26
51	27
52	27
53	27
54	27
55	27
65	27
66	27
67	27
68	27
69	27
50	28
51	28
52	28
53	28
54	28
65	28
66	28
67	28
68	28
49	29
50	29
51	29
52	29
53	29
65	29
66	29
67	29
48	30
49	30
50	30
51	30
52	30
65	30
66	30
67	30
47	31
48	31
49	31
50	31
51	31
65	31
66	31
67	31
46	32
47	32
48	32
49	32
50	32
65	32
66	32
67	32
44	33
45	33
46	33
47	33
48	33
49	33
65	33
66	33
67	33
42	34
43	34
44	34
45	34
46	34
47	34
48	34
65	34
66	34
67	34
41	35
42	35
43	35
44	35
45	35
46	35
64	35
65	35
66	35
67	35
40	36
41	36
42	36
43	36
44	36
64	36
65	36
66	36
35	37
36	37
37	37
39	37
40	37
41	37
42	37
43	37
64	37
65	37
66	37
35	38
36	38
37	38
38	38
39	38
40	38
41	38
64	38
65	38
66	38
35	39
36	39
37	39
38	39
39	39
40	39
63	39
64	39
65	39
66	39
34	40
35	40
36	40
37	40
38	40
39	40
63	40
64	40
65	40
34	41
35	41
36	41
63	41
64	41
65	41
34	42
35	42
36	42
62	42
63	42
64	42
65	42
33	43
34	43
35	43
62	43
63	43
64	43
31	44
32	44
33	44
34	44
35	44
61	44
62	44
63	44
64	44
28	45
29	45
30	45
31	45
32	45
33	45
34	45
35	45
61	45
62	45
63	45
26	46
27	46
28	46
29	46
30	46
31	46
32	46
33	46
61	46
62	46
63	46
26	47
27	47
28	47
29	47
30	47
31	47
32	47
33	47
34	47
61	47
62	47
63	47
26	48
27	48
28	48
32	48
33	48
34	48
35	48
60	48
61	48
62	48
33	49
34	49
35	49
60	49
61	49
62	49
33	50
34	50
35	50
36	50
60	50
61	50
62	50
34	51
35	51
36	51
60	51
61	51
62	51
63	51
34	52
35	52
36	52
61	52
62	52
63	52
34	53
35	53
36	53
37	53
61	53
62	53
63	53
64	53
35	54
36	54
37	54
62	54
63	54
64	54
65	54
35	55
36	55
37	55
62	55
63	55
64	55
65	55
66	55
35	56
36	56
37	56
38	56
63	56
64	56
65	56
66	56
67	56
36	57
37	57
38	57
64	57
65	57
66	57
67	57
68	57
36	58
37	58
38	58
65	58
66	58
67	58
68	58
69	58
70	58
36	59
37	59
38	59
39	59
66	59
67	59
68	59
69	59
70	59
71	59
72	59
37	60
38	60
39	60
40	60
68	60
69	60
70	60
71	60
72	60
73	60
74	60
75	60
38	61
39	61
40	61
41	61
70	61
71	61
72	61
73	61
74	61
75	61
76	61
77	61
38	62
39	62
40	62
41	62
42	62
73	62
74	62
75	62
76	62
77	62
78	62
79	62
40	63
41	63
42	63
43	63
44	63
75	63
76	63
77	63
78	63
79	63
80	63
81	63
82	63
41	64
42	64
43	64
44	64
45	64
77	64
78	64
79	64
80	64
81	64
82	64
83	64
84	64
43	65
44	65
45	65
46	65
47	65
79	65
80	65
81	65
82	65
83	65
84	65
85	65
86	65
87	65
44	66
45	66
46	66
47	66
48	66
82	66
83	66
84	66
85	66
86	66
87	66
88	66
89	66
45	67
46	67
47	67
48	67
49	67
84	67
85	67
86	67
87	67
88	67
89	67
90	67
47	68
48	68
49	68
50	68
87	68
88	68
89	68
90	68
91	68
48	69
49	69
50	69
51	69
52	69
89	69
90	69
91	69
92	69
93	69
49	70
50	70
51	70
52	70
53	70
54	70
90	70
91	70
92	70
93	70
94	70
95	70
96	70
50	71
51	71
52	71
53	71
54	71
55	71
92	71
93	71
94	71
95	71
96	71
97	71
98	71
52	72
53	72
54	72
55	72
56	72
57	72
93	72
94	72
95	72
96	72
97	72
98	72
99	72
54	73
55	73
56	73
57	73
58	73
59	73
94	73
95	73
96	73
97	73
98	73
99	73
100	73
101	73
56	74
57	74
58	74
59	74
60	74
61	74
98	74
99	74
100	74
101	74
102	74
103	74
104	74
57	75
58	75
59	75
60	75
61	75
62	75
99	75
100	75
101	75
102	75
103	75
104	75
105	75
106	75
59	76
60	76
61	76
62	76
63	76
101	76
102	76
103	76
104	76
105	76
106	76
107	76
108	76
109	76
61	77
62	77
63	77
64	77
104	77
105	77
106	77
107	77
108	77
109	77
110	77
111	77
62	78
63	78
64	78
65	78
66	78
107	78
108	78
109	78
110	78
111	78
112	78
113	78
63	79
64	79
65	79
66	79
67	79
109	79
110	79
111	79
112	79
113	79
114	79
115	79
116	79
64	80
65	80
66	80
67	80
68	80
111	80
112	80
113	80
114	80
115	80
116	80
117	80
118	80
66	81
67	81
68	81
69	81
114	81
115	81
116	81
117	81
118	81
119	81
120	81
121	81
67	82
68	82
69	82
70	82
116	82
117	82
118	82
119	82
120	82
121	82
122	82
123	82
124	82
68	83
69	83
70	83
71	83
72	83
73	83
119	83
120	83
121	83
122	83
123	83
124	83
125	83
126	83
69	84
70	84
71	84
72	84
73	84
121	84
122	84
123	84
124	84
125	84
126	84
127	84
128	84
129	84
70	85
71	85
72	85
73	85
74	85
124	85
125	85
126	85
127	85
128	85
129	85
130	85
71	86
72	86
73	86
74	86
75	86
127	86
128	86
129	86
130	86
131	86
132	86
73	87
74	87
75	87
76	87
129	87
130	87
131	87
132	87
133	87
134	87
74	88
75	88
76	88
77	88
131	88
132	88
133	88
134	88
135	88
136	88
137	88
138	88
75	89
76	89
77	89
78	89
79	89
132	89
133	89
134	89
135	89
136	89
137	89
138	89
139	89
140	89
141	89
75	90
76	90
77	90
78	90
79	90
80	90
81	90
82	90
135	90
136	90
137	90
138	90
139	90
140	90
141	90
142	90
143	90
144	90
77	91
78	91
79	91
80	91
81	91
82	91
83	91
84	91
138	91
139	91
140	91
141	91
142	91
143	91
144	91
145	91
79	92
80	92
81	92
82	92
83	92
84	92
85	92
86	92
87	92
142	92
143	92
144	92
145	92
146	92
82	93
83	93
84	93
85	93
86	93
87	93
88	93
89	93
144	93
145	93
146	93
147	93
148	93
85	94
86	94
87	94
88	94
89	94
145	94
146	94
147	94
148	94
149	94
87	95
88	95
89	95
90	95
146	95
147	95
148	95
149	95
150	95
88	96
89	96
90	96
148	96
149	96
150	96
151	96
152	96
89	97
90	97
91	97
149	97
150	97
151	97
152	97
153	97
154	97
89	98
90	98
91	98
92	98
150	98
151	98
152	98
153	98
154	98
155	98
156	98
90	99
91	99
92	99
93	99
152	99
153	99
154	99
155	99
156	99
157	99
158	99
90	100
91	100
92	100
93	100
94	100
154	100
155	100
156	100
157	100
158	100
159	100
160	100
92	101
93	101
94	101
95	101
156	101
157	101
158	101
159	101
160	101
161	101
93	102
94	102
95	102
96	102
97	102
158	102
159	102
160	102
161	102
162	102
94	103
95	103
96	103
97	103
98	103
99	103
159	103
160	103
161	103
162	103
163	103
95	104
96	104
97	104
98	104
99	104
100	104
101	104
160	104
161	104
162	104
163	104
164	104
97	105
98	105
99	105
100	105
101	105
102	105
103	105
161	105
162	105
163	105
164	105
165	105
166	105
99	106
100	106
101	106
102	106
103	106
162	106
163	106
164	106
165	106
166	106
167	106
101	107
102	107
103	107
104	107
163	107
164	107
165	107
166	107
167	107
168	107
101	108
102	108
103	108
104	108
105	108
106	108
164	108
165	108
166	108
167	108
168	108
169	108
103	109
104	109
105	109
106	109
107	109
108	109
109	109
167	109
168	109
169	109
170	109
171	109
105	110
106	110
107	110
108	110
109	110
168	110
169	110
170	110
171	110
172	110
173	110
174	110
106	111
107	111
108	111
109	111
110	111
169	111
170	111
171	111
172	111
173	111
174	111
175	111
176	111
198	111
199	111
200	111
201	111
202	111
203	111
204	111
205	111
206	111
207	111
208	111
209	111
210	111
108	112
109	112
110	112
111	112
171	112
172	112
173	112
174	112
175	112
176	112
177	112
195	112
196	112
197	112
198	112
199	112
200	112
201	112
202	112
203	112
204	112
205	112
206	112
207	112
208	112
209	112
210	112
211	112
212	112
213	112
214	112
109	113
110	113
111	113
112	113
174	113
175	113
176	113
177	113
178	113
179	113
192	113
193	113
194	113
195	113
196	113
197	113
198	113
199	113
200	113
201	113
202	113
203	113
204	113
205	113
206	113
207	113
208	113
209	113
210	113
211	113
212	113
213	113
214	113
215	113
216	113
217	113
110	114
111	114
112	114
113	114
176	114
177	114
178	114
179	114
180	114
189	114
190	114
191	114
192	114
193	114
194	114
195	114
196	114
197	114
198	114
211	114
212	114
213	114
214	114
215	114
216	114
217	114
218	114
219	114
111	115
112	115
113	115
114	115
177	115
178	115
179	115
180	115
181	115
182	115
183	115
187	115
188	115
189	115
190	115
191	115
192	115
193	115
194	115
214	115
215	115
216	115
217	115
218	115
219	115
220	115
221	115
111	116
112	116
113	116
114	116
115	116
179	116
180	116
181	116
182	116
183	116
184	116
185	116
186	116
187	116
188	116
189	116
190	116
191	116
217	116
218	116
219	116
220	116
221	116
222	116
223	116
113	117
114	117
115	117
116	117
117	117
180	117
181	117
182	117
183	117
184	117
185	117
186	117
187	117
188	117
189	117
219	117
220	117
221	117
222	117
223	117
224	117
225	117
226	117
227	117
114	118
115	118
116	118
117	118
118	118
119	118
183	118
184	118
185	118
186	118
221	118
222	118
223	118
224	118
225	118
226	118
227	118
228	118
229	118
230	118
231	118
232	118
233	118
234	118
235	118
236	118
115	119
116	119
117	119
118	119
119	119
120	119
221	119
222	119
223	119
224	119
225	119
226	119
227	119
228	119
229	119
230	119
231	119
232	119
233	119
234	119
235	119
236	119
237	119
238	119
239	119
117	120
118	120
119	120
120	120
121	120
228	120
229	120
230	120
231	120
232	120
233	120
234	120
235	120
236	120
237	120
238	120
239	120
240	120
241	120
242	120
243	120
244	120
119	121
120	121
121	121
122	121
237	121
238	121
239	121
240	121
241	121
242	121
243	121
244	121
245	121
246	121
247	121
248	121
120	122
121	122
122	122
123	122
124	122
240	122
241	122
242	122
243	122
244	122
245	122
246	122
247	122
248	122
249	122
250	122
251	122
121	123
122	123
123	123
124	123
244	123
245	123
246	123
247	123
248	123
249	123
250	123
251	123
252	123
253	123
254	123
255	123
256	123
257	123
122	124
123	124
124	124
125	124
249	124
250	124
251	124
252	124
253	124
254	124
255	124
256	124
257	124
258	124
259	124
260	124
261	124
262	124
263	124
264	124
265	124
266	124
123	125
124	125
125	125
126	125
252	125
253	125
254	125
255	125
256	125
257	125
258	125
259	125
260	125
261	125
262	125
263	125
264	125
265	125
266	125
267	125
268	125
269	125
270	125
271	125
272	125
273	125
124	126
125	126
126	126
127	126
258	126
259	126
260	126
261	126
262	126
263	126
264	126
265	126
266	126
267	126
268	126
269	126
270	126
271	126
272	126
273	126
125	127
126	127
127	127
128	127
266	127
267	127
268	127
269	127
270	127
271	127
272	127
273	127
126	128
127	128
128	128
129	128
126	129
127	129
128	129
129	129
130	129
128	130
129	130
130	130
131	130
129	131
130	131
131	131
132	131
130	132
131	132
132	132
133	132
134	132
131	133
132	133
133	133
134	133
132	134
133	134
134	134
132	135
133	135
134	135
132	136
133	136
134	136
132	137
133	137
134	137
268	137
269	137
270	137
271	137
272	137
273	137
132	138
133	138
134	138
263	138
264	138
265	138
266	138
267	138
268	138
269	138
270	138
271	138
272	138
273	138
132	139
133	139
134	139
135	139
260	139
261	139
262	139
263	139
264	139
265	139
266	139
267	139
268	139
269	139
270	139
271	139
272	139
273	139
133	140
134	140
135	140
253	140
254	140
255	140
256	140
257	140
258	140
259	140
260	140
261	140
262	140
263	140
264	140
265	140
266	140
267	140
133	141
134	141
135	141
242	141
243	141
244	141
245	141
246	141
247	141
248	141
249	141
250	141
251	141
252	141
253	141
254	141
255	141
256	141
257	141
258	141
259	141
260	141
261	141
262	141
263	141
134	142
135	142
136	142
241	142
242	142
243	142
244	142
245	142
246	142
247	142
248	142
249	142
250	142
251	142
252	142
253	142
254	142
255	142
256	142
257	142
258	142
259	142
134	143
135	143
136	143
238	143
239	143
240	143
241	143
242	143
243	143
244	143
245	143
246	143
247	143
248	143
249	143
250	143
251	143
252	143
253	143
134	144
135	144
136	144
137	144
238	144
239	144
240	144
241	144
242	144
135	145
136	145
137	145
237	145
238	145
239	145
240	145
241	145
135	146
136	146
137	146
237	146
238	146
239	146
240	146
135	147
136	147
137	147
236	147
237	147
238	147
136	148
137	148
138	148
235	148
236	148
237	148
238	148
136	149
137	149
138	149
235	149
236	149
237	149
136	150
137	150
138	150
234	150
235	150
236	150
237	150
136	151
137	151
138	151
139	151
234	151
235	151
236	151
137	152
138	152
139	152
140	152
234	152
235	152
236	152
138	153
139	153
140	153
233	153
234	153
235	153
236	153
138	154
139	154
140	154
141	154
233	154
234	154
235	154
139	155
140	155
141	155
142	155
233	155
234	155
235	155
140	156
141	156
142	156
234	156
235	156
236	156
140	157
141	157
142	157
143	157
234	157
235	157
236	157
141	158
142	158
143	158
144	158
234	158
235	158
236	158
142	159
143	159
144	159
145	159
235	159
236	159
237	159
143	160
144	160
145	160
146	160
235	160
236	160
237	160
144	161
145	161
146	161
147	161
235	161
236	161
237	161
144	162
145	162
146	162
147	162
148	162
149	162
235	162
236	162
237	162
146	163
147	163
148	163
149	163
150	163
235	163
236	163
237	163
147	164
148	164
149	164
150	164
151	164
152	164
235	164
236	164
237	164
149	165
150	165
151	165
152	165
235	165
236	165
237	165
238	165
150	166
151	166
152	166
236	166
237	166
238	166
150	167
151	167
152	167
236	167
237	167
238	167
151	168
152	168
153	168
236	168
237	168
238	168
151	169
152	169
153	169
154	169
236	169
237	169
238	169
151	170
152	170
153	170
154	170
155	170
236	170
237	170
238	170
152	171
153	171
154	171
155	171
156	171
157	171
236	171
237	171
238	171
154	172
155	172
156	172
157	172
158	172
159	172
236	172
237	172
238	172
155	173
156	173
157	173
158	173
159	173
160	173
161	173
162	173
236	173
237	173
238	173
157	174
158	174
159	174
160	174
161	174
162	174
235	174
236	174
237	174
159	175
160	175
161	175
162	175
163	175
235	175
236	175
237	175
161	176
162	176
163	176
235	176
236	176
237	176
161	177
162	177
163	177
164	177
235	177
236	177
237	177
162	178
163	178
164	178
235	178
236	178
237	178
162	179
163	179
164	179
165	179
235	179
236	179
237	179
163	180
164	180
165	180
235	180
236	180
237	180
163	181
164	181
165	181
166	181
236	181
237	181
238	181
164	182
165	182
166	182
236	182
237	182
238	182
164	183
165	183
166	183
167	183
236	183
237	183
238	183
165	184
166	184
167	184
168	184
236	184
237	184
238	184
166	185
167	185
168	185
235	185
236	185
237	185
238	185
166	186
167	186
168	186
169	186
234	186
235	186
236	186
237	186
167	187
168	187
169	187
233	187
234	187
235	187
236	187
167	188
168	188
169	188
170	188
233	188
234	188
235	188
168	189
169	189
170	189
232	189
233	189
234	189
235	189
168	190
169	190
170	190
231	190
232	190
233	190
234	190
169	191
170	191
171	191
231	191
232	191
233	191
169	192
170	192
171	192
231	192
232	192
233	192
234	192
235	192
236	192
169	193
170	193
171	193
172	193
232	193
233	193
234	193
235	193
236	193
237	193
238	193
239	193
240	193
170	194
171	194
172	194
232	194
233	194
234	194
235	194
236	194
237	194
238	194
239	194
240	194
241	194
242	194
170	195
171	195
172	195
173	195
236	195
237	195
238	195
239	195
240	195
241	195
242	195
243	195
244	195
171	196
172	196
173	196
240	196
241	196
242	196
243	196
244	196
245	196
246	196
171	197
172	197
173	197
242	197
243	197
244	197
245	197
246	197
247	197
248	197
171	198
172	198
173	198
174	198
244	198
245	198
246	198
247	198
248	198
249	198
250	198
171	199
172	199
173	199
174	199
246	199
247	199
248	199
249	199
250	199
251	199
252	199
171	200
172	200
173	200
174	200
248	200
249	200
250	200
251	200
252	200
253	200
254	200
172	201
173	201
174	201
250	201
251	201
252	201
253	201
254	201
255	201
256	201
257	201
172	202
173	202
174	202
252	202
253	202
254	202
255	202
256	202
257	202
258	202
259	202
172	203
173	203
174	203
175	203
255	203
256	203
257	203
258	203
259	203
260	203
261	203
262	203
172	204
173	204
174	204
175	204
257	204
258	204
259	204
260	204
261	204
262	204
263	204
264	204
173	205
174	205
175	205
259	205
260	205
261	205
262	205
263	205
264	205
265	205
266	205
174	206
175	206
176	206
262	206
263	206
264	206
265	206
266	206
267	206
268	206
269	206
270	206
174	207
175	207
176	207
262	207
263	207
264	207
265	207
266	207
267	207
268	207
269	207
270	207
271	207
272	207
273	207
174	208
175	208
176	208
177	208
266	208
267	208
268	208
269	208
270	208
271	208
272	208
273	208
175	209
176	209
177	209
271	209
272	209
273	209
175	210
176	210
177	210
178	210
176	211
177	211
178	211
176	212
177	212
178	212
179	212
177	213
178	213
179	213
177	214
178	214
179	214
180	214
178	215
179	215
180	215
179	216
180	216
181	216
179	217
180	217
181	217
182	217
180	218
181	218
182	218
180	219
181	219
182	219
183	219
181	220
182	220
183	220
182	221
183	221
184	221
182	222
183	222
184	222
185	222
183	223
184	223
185	223
186	223
187	223
188	223
183	224
184	224
185	224
186	224
187	224
188	224
189	224
190	224
185	225
186	225
187	225
188	225
189	225
190	225
191	225
192	225
188	226
189	226
190	226
191	226
192	226
193	226
190	227
191	227
192	227
193	227
194	227
192	228
193	228
194	228
195	228
196	228
193	229
194	229
195	229
196	229
197	229
194	230
195	230
196	230
197	230
198	230
243	230
244	230
245	230
246	230
247	230
248	230
249	230
250	230
251	230
252	230
253	230
254	230
255	230
256	230
257	230
258	230
259	230
260	230
261	230
262	230
263	230
264	230
265	230
195	231
196	231
197	231
198	231
199	231
200	231
201	231
233	231
234	231
235	231
236	231
237	231
238	231
239	231
240	231
241	231
242	231
243	231
244	231
245	231
246	231
247	231
248	231
249	231
250	231
251	231
252	231
253	231
254	231
255	231
256	231
257	231
258	231
259	231
260	231
261	231
262	231
263	231
264	231
265	231
266	231
267	231
268	231
269	231
196	232
197	232
198	232
199	232
200	232
201	232
202	232
203	232
208	232
209	232
210	232
211	232
212	232
213	232
214	232
215	232
216	232
217	232
218	232
219	232
220	232
221	232
222	232
223	232
224	232
225	232
226	232
227	232
228	232
229	232
230	232
231	232
232	232
233	232
234	232
235	232
236	232
237	232
238	232
239	232
240	232
241	232
242	232
243	232
244	232
245	232
246	232
247	232
248	232
249	232
250	232
251	232
252	232
253	232
254	232
255	232
256	232
257	232
258	232
259	232
260	232
261	232
262	232
263	232
264	232
265	232
266	232
267	232
268	232
269	232
270	232
198	233
199	233
200	233
201	233
202	233
203	233
204	233
205	233
206	233
207	233
208	233
209	233
210	233
211	233
212	233
213	233
214	233
215	233
216	233
217	233
218	233
219	233
220	233
221	233
222	233
223	233
224	233
225	233
226	233
227	233
228	233
229	233
230	233
231	233
232	233
233	233
234	233
235	233
236	233
237	233
238	233
239	233
240	233
241	233
242	233
266	233
267	233
268	233
269	233
270	233
271	233
272	233
201	234
202	234
203	234
204	234
205	234
206	234
207	234
208	234
209	234
210	234
211	234
212	234
213	234
214	234
215	234
216	234
217	234
218	234
219	234
220	234
221	234
222	234
223	234
224	234
225	234
226	234
227	234
228	234
229	234
230	234
231	234
232	234
233	234
269	234
270	234
271	234
272	234
273	234
203	235
204	235
205	235
206	235
207	235
208	235
270	235
271	235
272	235
273	235
273	236