-216 -135
-213 -141
-207 -146
-202 -152
-199 -159
-196 -166
-191 -172
-188 -178
-183 -180
-177 -180
-173 -187
-172 -194
-170 -200
-167 -206
-163 -206
-159 -206
-161 -202
-161 -197
-163 -194
-162 -189
-161 -184
-157 -185
-151 -186
-149 -183
-148 -180
-143 -177
-137 -172
-131 -166
-216 -131
-208 -132
-210 -129
-202 -130
-196 -135
-188 -141
-182 -143
-173 -143
-166 -145
-158 -150
-151 -146
-125 -160
-119 -153
-113 -148
-109 -141
-102 -133
-97 -126
-92 -120
-85 -112
-79 -102
-73 -93
-67 -85
-63 -75
-57 -66
-48 -57
-39 -50
-31 -45
-22 -41
-12 -33
-2 -25
2 -19
3 -12
8 -9
15 -5
21 1
31 7
40 9
47 11
59 14
67 16
76 22
80 29
86 37
94 43
100 52
-142 -139
-135 -132
-128 -124
-121 -114
-117 -107
-109 -98
-104 -87
-98 -76
-92 -66
-90 -55
-87 -46
-84 -36
-79 -27
-72 -15
-67 -8
-60 3
-59 11
-66 25
-70 39
-69 48
-60 59
-54 67
-49 80
-45 93
-45 107
-44 121
-42 130
-41 141
-16 94
-9 89
0 83
-22 98
-23 105
-23 115
-22 123
-25 135
-25 144
-25 156
-28 168
-43 148
-40 157
-39 165
5 86
11 91
23 93
38 93
48 90
59 85
65 87
67 95
70 100
75 108
82 113
86 120
90 132
91 139
93 150
98 157
102 164
108 59
114 66
116 74
116 86
114 95
112 107
82 26
89 29
98 32
103 40
109 46
113 53
116 65
111 117
112 129
115 137
117 146
117 155
117 167
-204 -141
-195 -151
-195 -145
-183 -151
-189 -163
-175 -171
-178 -162
-162 -156
-161 -170
-168 -183
-159 -176
-144 -161
-140 -154
-129 -152
-132 -143
-120 -126
-110 -125
-117 -142
-104 -113
-94 -106
-100 -95
-85 -88
-76 -80
-89 -82
-85 -63
-68 -62
-75 -69
-75 -46
-57 -44
-61 -51
-68 -33
-54 -23
-46 -31
-36 -33
-56 -14
-39 -1
-30 -15
-21 -20
-17 2
-44 -13
-43 2
-47 18
-54 29
-58 46
-39 50
-40 34
-14 -11
-9 -1
-32 10
-27 28
-10 19
7 11
12 24
7 -5
97 43
80 45
97 54
90 62
98 67
55 56
66 38
76 49
77 56
70 65
78 78
59 73
34 80
26 55
44 37
17 72
7 49
-10 32
21 39
32 50
39 63
31 25
58 29
44 21
-19 40
-27 57
-45 70
-39 82
-29 84
-33 97
-36 113
-32 125
-35 140
-33 157
75 95
85 92
95 82
101 91
85 100
93 102
100 104
95 119
99 138
105 138
105 150
110 160
107 168
104 122
107 78
48 31
-9 63
-5 47
-21 67
10 59
22 15
-26 -31
-12 -23
-23 15
