33	7
34	7
35	7
36	7
31	8
32	8
33	8
34	8
35	8
36	8
30	9
31	9
32	9
33	9
34	9
35	9
36	9
29	10
30	10
31	10
32	10
33	10
35	10
36	10
37	10
28	11
29	11
30	11
31	11
35	11
36	11
37	11
27	12
28	12
29	12
30	12
34	12
35	12
36	12
37	12
26	13
27	13
28	13
29	13
33	13
34	13
35	13
36	13
25	14
26	14
27	14
28	14
32	14
33	14
34	14
35	14
24	15
25	15
26	15
27	15
32	15
33	15
34	15
22	16
23	16
24	16
25	16
26	16
32	16
33	16
34	16
21	17
22	17
23	17
24	17
25	17
32	17
33	17
34	17
18	18
19	18
20	18
21	18
22	18
23	18
24	18
32	18
33	18
34	18
17	19
18	19
19	19
20	19
21	19
22	19
32	19
33	19
34	19
17	20
18	20
19	20
20	20
21	20
31	20
32	20
33	20
34	20
17	21
18	21
19	21
20	21
31	21
32	21
33	21
14	22
15	22
16	22
17	22
18	22
30	22
31	22
32	22
33	22
13	23
14	23
15	23
16	23
17	23
18	23
30	23
31	23
32	23
13	24
14	24
15	24
16	24
17	24
18	24
30	24
31	24
32	24
13	25
14	25
16	25
17	25
18	25
19	25
30	25
31	25
32	25
17	26
18	26
19	26
30	26
31	26
32	26
17	27
18	27
19	27
30	27
31	27
32	27
33	27
17	28
18	28
19	28
20	28
31	28
32	28
33	28
34	28
18	29
19	29
20	29
32	29
33	29
34	29
35	29
36	29
18	30
19	30
20	30
21	30
33	30
34	30
35	30
36	30
37	30
38	30
39	30
19	31
20	31
21	31
22	31
34	31
35	31
36	31
37	31
38	31
39	31
40	31
41	31
19	32
20	32
21	32
22	32
23	32
24	32
37	32
38	32
39	32
40	32
41	32
42	32
43	32
44	32
21	33
22	33
23	33
24	33
25	33
39	33
40	33
41	33
42	33
43	33
44	33
45	33
22	34
23	34
24	34
25	34
26	34
41	34
42	34
43	34
44	34
45	34
46	34
47	34
24	35
25	35
26	35
27	35
28	35
44	35
45	35
46	35
47	35
48	35
49	35
25	36
26	36
27	36
28	36
29	36
30	36
45	36
46	36
47	36
48	36
49	36
50	36
51	36
26	37
27	37
28	37
29	37
30	37
31	37
47	37
48	37
49	37
50	37
51	37
52	37
53	37
28	38
29	38
30	38
31	38
32	38
49	38
50	38
51	38
52	38
53	38
54	38
55	38
56	38
30	39
31	39
32	39
33	39
34	39
51	39
52	39
53	39
54	39
55	39
56	39
57	39
58	39
31	40
32	40
33	40
34	40
35	40
54	40
55	40
56	40
57	40
58	40
59	40
60	40
61	40
32	41
33	41
34	41
35	41
36	41
37	41
56	41
57	41
58	41
59	41
60	41
61	41
62	41
63	41
34	42
35	42
36	42
37	42
58	42
59	42
60	42
61	42
62	42
63	42
64	42
65	42
35	43
36	43
37	43
38	43
61	43
62	43
63	43
64	43
65	43
66	43
67	43
36	44
37	44
38	44
39	44
40	44
64	44
65	44
66	44
67	44
68	44
69	44
70	44
71	44
37	45
38	45
39	45
40	45
41	45
42	45
66	45
67	45
68	45
69	45
70	45
71	45
72	45
73	45
38	46
39	46
40	46
41	46
42	46
43	46
44	46
45	46
68	46
69	46
70	46
71	46
72	46
73	46
74	46
40	47
41	47
42	47
43	47
44	47
45	47
71	47
72	47
73	47
74	47
75	47
43	48
44	48
45	48
46	48
73	48
74	48
75	48
76	48
77	48
44	49
45	49
46	49
47	49
74	49
75	49
76	49
77	49
78	49
79	49
45	50
46	50
47	50
48	50
75	50
76	50
77	50
78	50
79	50
80	50
81	50
45	51
46	51
47	51
48	51
49	51
50	51
77	51
78	51
79	51
80	51
81	51
82	51
47	52
48	52
49	52
50	52
51	52
52	52
79	52
80	52
81	52
82	52
83	52
48	53
49	53
50	53
51	53
52	53
80	53
81	53
82	53
83	53
84	53
50	54
51	54
52	54
53	54
54	54
55	54
81	54
82	54
83	54
84	54
85	54
86	54
51	55
52	55
53	55
54	55
55	55
82	55
83	55
84	55
85	55
86	55
87	55
88	55
99	55
100	55
101	55
102	55
103	55
104	55
105	55
53	56
54	56
55	56
56	56
84	56
85	56
86	56
87	56
88	56
89	56
90	56
96	56
97	56
98	56
99	56
100	56
101	56
102	56
103	56
104	56
105	56
106	56
107	56
108	56
109	56
54	57
55	57
56	57
57	57
86	57
87	57
88	57
89	57
90	57
91	57
92	57
94	57
95	57
96	57
97	57
98	57
99	57
100	57
101	57
102	57
103	57
104	57
105	57
106	57
107	57
108	57
109	57
110	57
111	57
55	58
56	58
57	58
58	58
59	58
88	58
89	58
90	58
91	58
92	58
93	58
94	58
95	58
96	58
97	58
98	58
99	58
106	58
107	58
108	58
109	58
110	58
111	58
112	58
113	58
114	58
56	59
57	59
58	59
59	59
60	59
90	59
91	59
92	59
93	59
94	59
95	59
96	59
109	59
110	59
111	59
112	59
113	59
114	59
115	59
116	59
117	59
118	59
119	59
120	59
57	60
58	60
59	60
60	60
61	60
92	60
93	60
111	60
112	60
113	60
114	60
115	60
116	60
117	60
118	60
119	60
120	60
121	60
122	60
123	60
124	60
59	61
60	61
61	61
62	61
63	61
114	61
115	61
116	61
117	61
118	61
119	61
120	61
121	61
122	61
123	61
124	61
125	61
126	61
127	61
128	61
129	61
60	62
61	62
62	62
63	62
120	62
121	62
122	62
123	62
124	62
125	62
126	62
127	62
128	62
129	62
130	62
131	62
132	62
133	62
134	62
135	62
136	62
137	62
61	63
62	63
63	63
64	63
125	63
126	63
127	63
128	63
129	63
130	63
131	63
132	63
133	63
134	63
135	63
136	63
137	63
62	64
63	64
64	64
65	64
129	64
130	64
131	64
132	64
133	64
134	64
135	64
136	64
137	64
63	65
64	65
65	65
66	65
64	66
65	66
66	66
67	66
68	66
65	67
66	67
67	67
68	67
66	68
67	68
68	68
134	68
135	68
136	68
137	68
66	69
67	69
68	69
130	69
131	69
132	69
133	69
134	69
135	69
136	69
137	69
66	70
67	70
68	70
121	70
122	70
123	70
124	70
125	70
126	70
127	70
128	70
129	70
130	70
131	70
132	70
133	70
134	70
135	70
136	70
137	70
66	71
67	71
68	71
69	71
119	71
120	71
121	71
122	71
123	71
124	71
125	71
126	71
127	71
128	71
129	71
130	71
131	71
132	71
133	71
134	71
67	72
68	72
69	72
119	72
120	72
121	72
122	72
123	72
124	72
125	72
126	72
127	72
128	72
129	72
130	72
67	73
68	73
69	73
118	73
119	73
120	73
121	73
67	74
68	74
69	74
70	74
117	74
118	74
119	74
120	74
68	75
69	75
70	75
117	75
118	75
119	75
68	76
69	76
70	76
71	76
117	76
118	76
119	76
69	77
70	77
71	77
116	77
117	77
118	77
119	77
69	78
70	78
71	78
72	78
116	78
117	78
118	78
119	78
70	79
71	79
72	79
73	79
117	79
118	79
119	79
71	80
72	80
73	80
74	80
117	80
118	80
119	80
72	81
73	81
74	81
75	81
117	81
118	81
119	81
72	82
73	82
74	82
75	82
76	82
77	82
117	82
118	82
119	82
74	83
75	83
76	83
77	83
117	83
118	83
119	83
120	83
75	84
76	84
77	84
118	84
119	84
120	84
75	85
76	85
77	85
78	85
79	85
118	85
119	85
120	85
76	86
77	86
78	86
79	86
80	86
81	86
118	86
119	86
120	86
77	87
78	87
79	87
80	87
81	87
82	87
117	87
118	87
119	87
120	87
79	88
80	88
81	88
82	88
117	88
118	88
119	88
81	89
82	89
83	89
117	89
118	89
119	89
81	90
82	90
83	90
117	90
118	90
119	90
81	91
82	91
83	91
84	91
118	91
119	91
120	91
82	92
83	92
84	92
85	92
118	92
119	92
120	92
83	93
84	93
85	93
117	93
118	93
119	93
120	93
83	94
84	94
85	94
86	94
116	94
117	94
118	94
119	94
84	95
85	95
86	95
115	95
116	95
117	95
118	95
84	96
85	96
86	96
115	96
116	96
117	96
118	96
119	96
120	96
84	97
85	97
86	97
87	97
116	97
117	97
118	97
119	97
120	97
121	97
122	97
85	98
86	98
87	98
116	98
117	98
118	98
119	98
120	98
121	98
122	98
123	98
124	98
85	99
86	99
87	99
88	99
120	99
121	99
122	99
123	99
124	99
125	99
126	99
85	100
86	100
87	100
88	100
122	100
123	100
124	100
125	100
126	100
127	100
128	100
129	100
86	101
87	101
88	101
124	101
125	101
126	101
127	101
128	101
129	101
130	101
131	101
86	102
87	102
88	102
126	102
127	102
128	102
129	102
130	102
131	102
132	102
133	102
86	103
87	103
88	103
89	103
129	103
130	103
131	103
132	103
133	103
134	103
135	103
136	103
137	103
87	104
88	104
89	104
131	104
132	104
133	104
134	104
135	104
136	104
137	104
87	105
88	105
89	105
90	105
133	105
134	105
135	105
136	105
137	105
88	106
89	106
90	106
88	107
89	107
90	107
91	107
89	108
90	108
91	108
89	109
90	109
91	109
92	109
90	110
91	110
92	110
91	111
92	111
93	111
94	111
91	112
92	112
93	112
94	112
95	112
96	112
92	113
93	113
94	113
95	113
96	113
97	113
94	114
95	114
96	114
97	114
98	114
99	114
96	115
97	115
98	115
99	115
100	115
101	115
117	115
118	115
119	115
120	115
121	115
122	115
123	115
124	115
125	115
126	115
127	115
128	115
129	115
130	115
131	115
132	115
133	115
134	115
135	115
97	116
98	116
99	116
100	116
101	116
102	116
103	116
104	116
105	116
106	116
107	116
108	116
109	116
110	116
111	116
112	116
113	116
114	116
115	116
116	116
117	116
118	116
119	116
120	116
121	116
122	116
123	116
124	116
125	116
126	116
127	116
128	116
129	116
130	116
131	116
132	116
133	116
134	116
135	116
136	116
98	117
99	117
100	117
101	117
102	117
103	117
104	117
105	117
106	117
107	117
108	117
109	117
110	117
111	117
112	117
113	117
114	117
115	117
116	117
117	117
118	117
119	117
120	117
121	117
122	117
123	117
124	117
125	117
126	117
127	117
128	117
129	117
130	117
131	117
132	117
133	117
134	117
135	117
136	117
137	117
101	118
102	118
103	118
104	118
105	118
106	118
107	118
108	118
109	118
110	118
111	118
112	118
113	118
114	118
115	118
116	118
117	118
135	118
136	118
137	118
137	119