21	4
22	4
19	5
20	5
21	5
22	5
18	6
19	6
20	6
21	6
22	6
17	7
18	7
19	7
21	7
22	7
23	7
16	8
17	8
18	8
20	8
21	8
22	8
15	9
16	9
17	9
20	9
21	9
13	10
14	10
15	10
16	10
20	10
21	10
11	11
12	11
13	11
14	11
15	11
19	11
20	11
21	11
10	12
11	12
12	12
13	12
19	12
20	12
10	13
11	13
12	13
18	13
19	13
20	13
8	14
9	14
10	14
11	14
18	14
19	14
20	14
8	15
9	15
10	15
11	15
18	15
19	15
10	16
11	16
12	16
18	16
19	16
20	16
11	17
12	17
19	17
20	17
21	17
11	18
12	18
13	18
20	18
21	18
22	18
23	18
11	19
12	19
13	19
14	19
21	19
22	19
23	19
24	19
25	19
26	19
13	20
14	20
15	20
23	20
24	20
25	20
26	20
27	20
14	21
15	21
16	21
17	21
26	21
27	21
28	21
29	21
30	21
15	22
16	22
17	22
18	22
19	22
28	22
29	22
30	22
31	22
32	22
17	23
18	23
19	23
20	23
29	23
30	23
31	23
32	23
33	23
34	23
19	24
20	24
21	24
31	24
32	24
33	24
34	24
35	24
36	24
20	25
21	25
22	25
34	25
35	25
36	25
37	25
38	25
39	25
21	26
22	26
23	26
36	26
37	26
38	26
39	26
40	26
41	26
22	27
23	27
24	27
25	27
39	27
40	27
41	27
42	27
43	27
44	27
23	28
24	28
25	28
26	28
27	28
41	28
42	28
43	28
44	28
45	28
25	29
26	29
27	29
28	29
44	29
45	29
46	29
47	29
27	30
28	30
29	30
45	30
46	30
47	30
48	30
49	30
27	31
28	31
29	31
30	31
31	31
47	31
48	31
49	31
50	31
29	32
30	32
31	32
32	32
48	32
49	32
50	32
51	32
30	33
31	33
32	33
33	33
49	33
50	33
51	33
52	33
53	33
60	33
61	33
62	33
63	33
32	34
33	34
34	34
51	34
52	34
53	34
54	34
57	34
58	34
59	34
60	34
61	34
62	34
63	34
64	34
65	34
66	34
33	35
34	35
35	35
36	35
53	35
54	35
55	35
56	35
57	35
58	35
59	35
60	35
61	35
62	35
63	35
64	35
65	35
66	35
67	35
68	35
69	35
70	35
71	35
34	36
35	36
36	36
37	36
54	36
55	36
56	36
57	36
66	36
67	36
68	36
69	36
70	36
71	36
72	36
73	36
74	36
75	36
36	37
37	37
38	37
69	37
70	37
71	37
72	37
73	37
74	37
75	37
76	37
77	37
78	37
79	37
80	37
37	38
38	38
39	38
74	38
75	38
76	38
77	38
78	38
79	38
80	38
81	38
82	38
38	39
39	39
40	39
80	39
81	39
82	39
39	40
40	40
41	40
40	41
41	41
80	41
81	41
82	41
40	42
41	42
73	42
74	42
75	42
76	42
77	42
78	42
79	42
80	42
81	42
82	42
40	43
41	43
42	43
72	43
73	43
74	43
75	43
76	43
77	43
78	43
79	43
80	43
40	44
41	44
42	44
71	44
72	44
73	44
74	44
75	44
76	44
41	45
42	45
70	45
71	45
72	45
41	46
42	46
43	46
70	46
71	46
42	47
43	47
70	47
71	47
42	48
43	48
44	48
70	48
71	48
72	48
43	49
44	49
45	49
46	49
71	49
72	49
44	50
45	50
46	50
71	50
72	50
45	51
46	51
47	51
71	51
72	51
46	52
47	52
48	52
49	52
71	52
72	52
47	53
48	53
49	53
50	53
71	53
72	53
49	54
50	54
71	54
72	54
49	55
50	55
51	55
71	55
72	55
50	56
51	56
70	56
71	56
72	56
50	57
51	57
52	57
69	57
70	57
71	57
51	58
52	58
69	58
70	58
71	58
72	58
73	58
51	59
52	59
53	59
70	59
71	59
72	59
73	59
74	59
75	59
51	60
52	60
53	60
73	60
74	60
75	60
76	60
77	60
52	61
53	61
75	61
76	61
77	61
78	61
79	61
80	61
52	62
53	62
77	62
78	62
79	62
80	62
81	62
82	62
52	63
53	63
54	63
79	63
80	63
81	63
82	63
53	64
54	64
53	65
54	65
55	65
54	66
55	66
55	67
56	67
57	67
55	68
56	68
57	68
58	68
59	68
57	69
58	69
59	69
60	69
70	69
71	69
72	69
73	69
74	69
75	69
76	69
77	69
78	69
79	69
80	69
81	69
59	70
60	70
61	70
62	70
63	70
64	70
65	70
66	70
67	70
68	70
69	70
70	70
71	70
72	70
73	70
74	70
75	70
76	70
77	70
78	70
79	70
80	70
81	70
82	70
60	71
61	71
62	71
63	71
64	71
65	71
66	71
67	71
68	71
69	71
70	71
71	71
72	71
73	71
81	71
82	71