-28.2843 229.103
-19 40
-22.6274 212.132
-69 48
-161 -184
-183 -180
-188 -178
-196 -166
-166 -145
-216 -131
-98 -76
-19.799 223.446
111.723 219.203
-25 144
95 119
95 82
-9 63
-58 46
-21 -20
-207 -146
-202 -152
-188 -141
-175 -171
-161 -170
-149 -183
-102 -133
-46 -31
-57 -66
-79 -27
-85 -63
-97 -126
-104 -87
-128 -124
-72 -15
-56 -14
-47 18
-39 50
-49 80
-39 82
-36 113
-32.5269 239.002
-35.3553 203.647
-28 168
-33 157
-32 125
-27 28
-30 -15
-9 89
38 93
67 95
75 95
-25 135
91 139
-25.4558 192.333
121.622 183.848
117 167
118.794 162.635
98 157
112 129
112 107
114 95
114 66
98 67
97 43
59 85
59 73
55 56
-21 67
-12 -33
-10 32
2 -19
21 39
31 25
31 7
59 14
80 29
-172 -194
-173 -187
-177 -180
-191 -172
-189 -163
-178 -162
-199 -159
-162 -156
-168 -183
-162 -189
-163 -194
-170 -200
-167 -206
-163 -206
-161 -202
-161 -197
-159 -206
-157 -185
-151 -186
-148 -180
-143 -177
-119 -153
-125 -160
-131 -166
-137 -172
-140 -154
-144 -161
-159 -176
-135 -132
-132 -143
-129 -152
-120 -126
-117 -142
-113 -148
-109 -141
-85 -112
-92 -120
-94 -106
-104 -113
-110 -125
-117 -107
-121 -114
-142 -139
-173 -143
-182 -143
-151 -146
-158 -150
-183 -151
-195 -151
-195 -145
-204 -141
-213 -141
-196 -135
-216 -135
-208 -132
-202 -130
-210 -129
-109 -98
-100 -95
-89 -82
-85 -88
-79 -102
-73 -93
-67 -85
-61 -51
-63 -75
-68 -62
-75 -69
-76 -80
-90 -55
-92 -66
-87 -46
-75 -46
-84 -36
-68 -33
-67 -8
-66 25
-70 39
-54 67
-60 59
-54 29
-59 11
-60 3
-54 -23
-57 -44
-44 121
-42 130
-41 141
-43 148
-40 157
-39 165
-39.598 179.605
-35.3553 257.387
-35.3553 248.902
-33.9411 229.103
-35.3553 214.96
-33.9411 199.404
-35.3553 192.333
-35 140
-27 57
-29 84
-33 97
-40 34
-45 107
-45 93
-45 70
-48 -57
-44 -13
-43 2
-39 -1
-39 -50
-36 -33
-32 10
-31 -45
-22 98
-16 94
11 91
23 93
48 90
65 87
85 92
100 104
93 102
85 100
82 113
75 108
70 100
-23 105
-23 115
-22 123
-25 156
-26.8701 178.191
-24.0416 205.061
-18.3848 236.174
-22.6274 253.144
100.409 254.558
-14.1421 247.487
98.9949 243.245
93 150
99 138
90 132
86 120
103.238 195.161
101.823 207.889
100.409 220.617
106.066 227.688
100.409 233.345
108.894 246.073
108.894 260.215
115.966 254.558
115.966 253.144
113.137 250.316
113.137 239.002
113.137 230.517
108.894 202.233
118.794 202.233
121.622 173.948
113.137 188.09
110 160
107.48 175.362
107 168
106.066 185.262
102 164
101 91
104 122
105 150
105 138
111 117
115 137
117 155
117 146
116 86
107 78
116 74
116 65
108 59
113 53
109 46
103 40
94 43
80 45
100 52
97 54
90 62
78 78
70 65
39 63
34 80
17 72
10 59
5 86
0 83
-5 47
7 49
26 55
32 50
66 38
76 49
77 56
12 24
7 11
7 -5
-9 -1
-10 19
-17 2
-23 15
-26 -31
-22 -41
-14 -11
-12 -23
-2 -25
3 -12
8 -9
15 -5
21 1
40 9
47 11
22 15
44 21
44 37
86 37
98 32
48 31
58 29
89 29
82 26
76 22
67 16
118.794 193.747
113.137 209.304
118.794 260.215
101.823 261.63
106.066 265.872
115.966 265.872
-18.3848 257.387
-26.8701 263.044
-33.9411 263.044
-28.2843 247.487
