51	11
52	11
53	11
54	11
55	11
56	11
57	11
58	11
59	11
60	11
61	11
62	11
51	12
52	12
53	12
54	12
55	12
56	12
57	12
58	12
59	12
60	12
61	12
62	12
51	13
52	13
53	13
54	13
55	13
56	13
57	13
58	13
59	13
60	13
61	13
62	13
51	14
52	14
53	14
54	14
55	14
56	14
57	14
58	14
59	14
60	14
61	14
62	14
51	15
52	15
53	15
54	15
55	15
56	15
57	15
58	15
59	15
60	15
61	15
62	15
51	16
52	16
53	16
54	16
55	16
56	16
57	16
58	16
59	16
60	16
61	16
62	16
51	17
52	17
53	17
54	17
55	17
56	17
57	17
58	17
59	17
60	17
61	17
62	17
51	18
52	18
53	18
54	18
55	18
56	18
57	18
58	18
59	18
60	18
61	18
62	18
51	19
52	19
53	19
54	19
55	19
56	19
57	19
58	19
59	19
60	19
61	19
62	19
51	20
52	20
53	20
54	20
55	20
56	20
57	20
58	20
59	20
60	20
61	20
62	20
51	21
52	21
53	21
54	21
55	21
56	21
57	21
58	21
59	21
60	21
61	21
62	21
51	22
52	22
53	22
54	22
55	22
56	22
57	22
58	22
59	22
60	22
61	22
62	22
51	23
52	23
53	23
54	23
55	23
56	23
57	23
58	23
59	23
60	23
61	23
62	23
51	24
52	24
53	24
54	24
55	24
56	24
57	24
58	24
59	24
60	24
61	24
62	24
51	25
52	25
53	25
54	25
55	25
56	25
57	25
58	25
59	25
60	25
61	25
62	25
51	26
52	26
53	26
54	26
55	26
56	26
57	26
58	26
59	26
60	26
61	26
62	26
51	27
52	27
53	27
54	27
55	27
56	27
57	27
58	27
59	27
60	27
61	27
62	27
51	28
52	28
53	28
54	28
55	28
56	28
57	28
58	28
59	28
60	28
61	28
62	28
51	29
52	29
53	29
54	29
55	29
56	29
57	29
58	29
59	29
60	29
61	29
62	29
51	30
52	30
53	30
54	30
55	30
56	30
57	30
58	30
59	30
60	30
61	30
62	30
51	31
52	31
53	31
54	31
55	31
56	31
57	31
58	31
59	31
60	31
61	31
62	31
51	32
52	32
53	32
54	32
55	32
56	32
57	32
58	32
59	32
60	32
61	32
62	32
51	33
52	33
53	33
54	33
55	33
56	33
57	33
58	33
59	33
60	33
61	33
62	33
51	34
52	34
53	34
54	34
55	34
56	34
57	34
58	34
59	34
60	34
61	34
62	34
51	35
52	35
53	35
54	35
55	35
56	35
57	35
58	35
59	35
60	35
61	35
62	35
51	36
52	36
53	36
54	36
55	36
56	36
57	36
58	36
59	36
60	36
61	36
62	36
51	37
52	37
53	37
54	37
55	37
56	37
57	37
58	37
59	37
60	37
61	37
62	37
51	38
52	38
53	38
54	38
55	38
56	38
57	38
58	38
59	38
60	38
61	38
62	38
51	39
52	39
53	39
54	39
55	39
56	39
57	39
58	39
59	39
60	39
61	39
62	39
51	40
52	40
53	40
54	40
55	40
56	40
57	40
58	40
59	40
60	40
61	40
62	40
51	41
52	41
53	41
54	41
55	41
56	41
57	41
58	41
59	41
60	41
61	41
62	41
51	42
52	42
53	42
54	42
55	42
56	42
57	42
58	42
59	42
60	42
61	42
62	42
51	43
52	43
53	43
54	43
55	43
56	43
57	43
58	43
59	43
60	43
61	43
62	43
51	44
52	44
53	44
54	44
55	44
56	44
57	44
58	44
59	44
60	44
61	44
62	44
51	45
52	45
53	45
54	45
55	45
56	45
57	45
58	45
59	45
60	45
61	45
62	45
51	46
52	46
53	46
54	46
55	46
56	46
57	46
58	46
59	46
60	46
61	46
62	46
51	47
52	47
53	47
54	47
55	47
56	47
57	47
58	47
59	47
60	47
61	47
62	47
51	48
52	48
53	48
54	48
55	48
56	48
57	48
58	48
59	48
60	48
61	48
62	48
51	49
52	49
53	49
54	49
55	49
56	49
57	49
58	49
59	49
60	49
61	49
62	49
51	50
52	50
53	50
54	50
55	50
56	50
57	50
58	50
59	50
60	50
61	50
62	50
51	51
52	51
53	51
54	51
55	51
56	51
57	51
58	51
59	51
60	51
61	51
62	51
51	52
52	52
53	52
54	52
55	52
56	52
57	52
58	52
59	52
60	52
61	52
62	52
51	53
52	53
53	53
54	53
55	53
56	53
57	53
58	53
59	53
60	53
61	53
62	53
51	54
52	54
53	54
54	54
55	54
56	54
57	54
58	54
59	54
60	54
61	54
62	54
51	55
52	55
53	55
54	55
55	55
56	55
57	55
58	55
59	55
60	55
61	55
62	55
51	56
52	56
53	56
54	56
55	56
56	56
57	56
58	56
59	56
60	56
61	56
62	56
51	57
52	57
53	57
54	57
55	57
56	57
57	57
58	57
59	57
60	57
61	57
62	57
51	58
52	58
53	58
54	58
55	58
56	58
57	58
58	58
59	58
60	58
61	58
62	58
51	59
52	59
53	59
54	59
55	59
56	59
57	59
58	59
59	59
60	59
61	59
62	59
51	60
52	60
53	60
54	60
55	60
56	60
57	60
58	60
59	60
60	60
61	60
62	60
51	61
52	61
53	61
54	61
55	61
56	61
57	61
58	61
59	61
60	61
61	61
62	61
51	62
52	62
53	62
54	62
55	62
56	62
57	62
58	62
59	62
60	62
61	62
62	62
51	63
52	63
53	63
54	63
55	63
56	63
57	63
58	63
59	63
60	63
61	63
62	63
51	64
52	64
53	64
54	64
55	64
56	64
57	64
58	64
59	64
60	64
61	64
62	64
51	65
52	65
53	65
54	65
55	65
56	65
57	65
58	65
59	65
60	65
61	65
62	65
51	66
52	66
53	66
54	66
55	66
56	66
57	66
58	66
59	66
60	66
61	66
62	66
51	67
52	67
53	67
54	67
55	67
56	67
57	67
58	67
59	67
60	67
61	67
62	67
51	68
52	68
53	68
54	68
55	68
56	68
57	68
58	68
59	68
60	68
61	68
62	68
51	69
52	69
53	69
54	69
55	69
56	69
57	69
58	69
59	69
60	69
61	69
62	69
51	70
52	70
53	70
54	70
55	70
56	70
57	70
58	70
59	70
60	70
61	70
62	70
51	71
52	71
53	71
54	71
55	71
56	71
57	71
58	71
59	71
60	71
61	71
62	71
51	72
52	72
53	72
54	72
55	72
56	72
57	72
58	72
59	72
60	72
61	72
62	72
51	73
52	73
53	73
54	73
55	73
56	73
57	73
58	73
59	73
60	73
61	73
62	73
51	74
52	74
53	74
54	74
55	74
56	74
57	74
58	74
59	74
60	74
61	74
62	74
51	75
52	75
53	75
54	75
55	75
56	75
57	75
58	75
59	75
60	75
61	75
62	75
51	76
52	76
53	76
54	76
55	76
56	76
57	76
58	76
59	76
60	76
61	76
62	76
51	77
52	77
53	77
54	77
55	77
56	77
57	77
58	77
59	77
60	77
61	77
62	77
51	78
52	78
53	78
54	78
55	78
56	78
57	78
58	78
59	78
60	78
61	78
62	78
51	79
52	79
53	79
54	79
55	79
56	79
57	79
58	79
59	79
60	79
61	79
62	79
51	80
52	80
53	80
54	80
55	80
56	80
57	80
58	80
59	80
60	80
61	80
62	80
51	81
52	81
53	81
54	81
55	81
56	81
57	81
58	81
59	81
60	81
61	81
62	81
51	82
52	82
53	82
54	82
55	82
56	82
57	82
58	82
59	82
60	82
61	82
62	82
51	83
52	83
53	83
54	83
55	83
56	83
57	83
58	83
59	83
60	83
61	83
62	83
51	84
52	84
53	84
54	84
55	84
56	84
57	84
58	84
59	84
60	84
61	84
62	84
51	85
52	85
53	85
54	85
55	85
56	85
57	85
58	85
59	85
60	85
61	85
62	85
51	86
52	86
53	86
54	86
55	86
56	86
57	86
58	86
59	86
60	86
61	86
62	86
51	87
52	87
53	87
54	87
55	87
56	87
57	87
58	87
59	87
60	87
61	87
62	87
51	88
52	88
53	88
54	88
55	88
56	88
57	88
58	88
59	88
60	88
61	88
62	88
51	89
52	89
53	89
54	89
55	89
56	89
57	89
58	89
59	89
60	89
61	89
62	89
51	90
52	90
53	90
54	90
55	90
56	90
57	90
58	90
59	90
60	90
61	90
62	90
51	91
52	91
53	91
54	91
55	91
56	91
57	91
58	91
59	91
60	91
61	91
62	91
51	92
52	92
53	92
54	92
55	92
56	92
57	92
58	92
59	92
60	92
61	92
62	92
51	93
52	93
53	93
54	93
55	93
56	93
57	93
58	93
59	93
60	93
61	93
62	93
51	94
52	94
53	94
54	94
55	94
56	94
57	94
58	94
59	94
60	94
61	94
62	94
51	95
52	95
53	95
54	95
55	95
56	95
57	95
58	95
59	95
60	95
61	95
62	95
51	96
52	96
53	96
54	96
55	96
56	96
57	96
58	96
59	96
60	96
61	96
62	96
51	97
52	97
53	97
54	97
55	97
56	97
57	97
58	97
59	97
60	97
61	97
62	97
51	98
52	98
53	98
54	98
55	98
56	98
57	98
58	98
59	98
60	98
61	98
62	98
51	99
52	99
53	99
54	99
55	99
56	99
57	99
58	99
59	99
60	99
61	99
62	99
51	100
52	100
53	100
54	100
55	100
56	100
57	100
58	100
59	100
60	100
61	100
62	100
51	101
52	101
53	101
54	101
55	101
56	101
57	101
58	101
59	101
60	101
61	101
62	101
51	102
52	102
53	102
54	102
55	102
56	102
57	102
58	102
59	102
60	102
61	102
62	102
51	103
52	103
53	103
54	103
55	103
56	103
57	103
58	103
59	103
60	103
61	103
62	103
51	104
52	104
53	104
54	104
55	104
56	104
57	104
58	104
59	104
60	104
61	104
62	104
68	104
69	104
70	104
71	104
72	104
73	104
74	104
75	104
76	104
77	104
78	104
79	104
80	104
81	104
82	104
83	104
84	104
51	105
52	105
53	105
54	105
55	105
56	105
57	105
58	105
59	105
60	105
61	105
62	105
68	105
69	105
70	105
71	105
72	105
73	105
74	105
75	105
76	105
77	105
78	105
79	105
80	105
81	105
82	105
83	105
84	105
50	106
51	106
52	106
53	106
54	106
55	106
56	106
57	106
58	106
59	106
60	106
61	106
62	106
63	106
64	106
68	106
69	106
70	106
71	106
72	106
73	106
74	106
75	106
76	106
77	106
78	106
79	106
80	106
81	106
82	106
83	106
84	106
20	107
48	107
49	107
50	107
51	107
52	107
53	107
54	107
55	107
56	107
57	107
58	107
59	107
60	107
61	107
62	107
63	107
64	107
65	107
66	107
68	107
69	107
70	107
71	107
72	107
73	107
74	107
75	107
76	107
77	107
78	107
79	107
80	107
81	107
82	107
83	107
84	107
21	108
22	108
46	108
47	108
48	108
49	108
50	108
51	108
52	108
53	108
54	108
55	108
56	108
57	108
58	108
59	108
60	108
61	108
62	108
63	108
64	108
65	108
66	108
67	108
68	108
69	108
70	108
71	108
72	108
73	108
74	108
75	108
76	108
77	108
78	108
79	108
80	108
81	108
82	108
83	108
84	108
21	109
22	109
23	109
45	109
46	109
47	109
48	109
49	109
50	109
51	109
52	109
53	109
54	109
55	109
56	109
57	109
58	109
59	109
60	109
61	109
62	109
63	109
64	109
65	109
66	109
67	109
68	109
69	109
70	109
71	109
72	109
73	109
74	109
75	109
76	109
77	109
78	109
79	109
80	109
81	109
82	109
83	109
84	109
22	110
23	110
24	110
25	110
26	110
43	110
44	110
45	110
46	110
47	110
48	110
49	110
50	110
51	110
52	110
53	110
54	110
55	110
56	110
57	110
58	110
59	110
60	110
61	110
62	110
63	110
64	110
65	110
66	110
67	110
68	110
69	110
70	110
71	110
72	110
73	110
74	110
75	110
76	110
77	110
78	110
79	110
80	110
81	110
82	110
83	110
84	110
22	111
23	111
24	111
25	111
26	111
27	111
28	111
29	111
30	111
38	111
39	111
40	111
41	111
42	111
43	111
44	111
45	111
46	111
47	111
48	111
49	111
50	111
51	111
52	111
53	111
54	111
55	111
56	111
57	111
58	111
59	111
60	111
61	111
62	111
63	111
64	111
65	111
66	111
67	111
68	111
69	111
70	111
71	111
72	111
73	111
74	111
75	111
76	111
77	111
78	111
79	111
80	111
81	111
82	111
83	111
84	111
23	112
24	112
25	112
26	112
27	112
28	112
29	112
30	112
31	112
32	112
33	112
34	112
35	112
36	112
37	112
38	112
39	112
40	112
41	112
42	112
43	112
44	112
45	112
46	112
47	112
48	112
49	112
50	112
51	112
52	112
53	112
54	112
55	112
56	112
57	112
58	112
59	112
60	112
61	112
62	112
63	112
64	112
65	112
66	112
67	112
68	112
69	112
70	112
71	112
72	112
73	112
74	112
75	112
76	112
77	112
78	112
79	112
80	112
81	112
82	112
83	112
84	112
24	113
25	113
26	113
27	113
28	113
29	113
30	113
31	113
32	113
33	113
34	113
35	113
36	113
37	113
38	113
39	113
40	113
41	113
42	113
43	113
44	113
45	113
46	113
47	113
48	113
49	113
50	113
51	113
52	113
53	113
54	113
55	113
56	113
57	113
58	113
59	113
60	113
61	113
62	113
63	113
64	113
65	113
66	113
67	113
68	113
69	113
70	113
71	113
72	113
73	113
74	113
75	113
76	113
77	113
78	113
79	113
80	113
81	113
82	113
83	113
84	113
24	114
25	114
26	114
27	114
28	114
29	114
30	114
31	114
32	114
33	114
34	114
35	114
36	114
37	114
38	114
39	114
40	114
41	114
42	114
43	114
44	114
45	114
46	114
47	114
48	114
49	114
50	114
51	114
52	114
53	114
54	114
55	114
56	114
57	114
58	114
59	114
60	114
61	114
62	114
63	114
64	114
65	114
66	114
67	114
68	114
69	114
70	114
71	114
72	114
73	114
74	114
75	114
76	114
77	114
78	114
79	114
80	114
81	114
82	114
83	114
84	114
25	115
26	115
27	115
28	115
29	115
30	115
31	115
32	115
33	115
34	115
35	115
36	115
37	115
38	115
39	115
40	115
41	115
42	115
43	115
44	115
45	115
46	115
47	115
48	115
49	115
50	115
51	115
52	115
53	115
54	115
55	115
56	115
57	115
58	115
59	115
60	115
61	115
62	115
63	115
64	115
65	115
66	115
67	115
68	115
69	115
70	115
71	115
72	115
73	115
74	115
75	115
76	115
77	115
78	115
79	115
80	115
81	115
82	115
83	115
84	115
25	116
26	116
27	116
28	116
29	116
30	116
31	116
32	116
33	116
34	116
35	116
36	116
37	116
38	116
39	116
40	116
41	116
42	116
43	116
44	116
45	116
46	116
47	116
48	116
49	116
50	116
51	116
52	116
53	116
54	116
55	116
56	116
57	116
58	116
59	116
60	116
61	116
62	116
63	116
64	116
65	116
66	116
67	116
68	116
69	116
70	116
71	116
72	116
73	116
74	116
75	116
76	116
77	116
78	116
79	116
80	116
81	116
82	116
83	116
84	116
26	117
27	117
28	117
29	117
30	117
31	117
32	117
33	117
34	117
35	117
36	117
37	117
38	117
39	117
40	117
41	117
42	117
43	117
44	117
45	117
46	117
47	117
48	117
49	117
50	117
51	117
52	117
53	117
54	117
55	117
56	117
57	117
58	117
59	117
60	117
61	117
62	117
63	117
64	117
65	117
66	117
67	117
68	117
69	117
70	117
71	117
72	117
73	117
74	117
75	117
76	117
77	117
78	117
79	117
80	117
81	117
82	117
83	117
84	117
27	118
28	118
29	118
30	118
31	118
32	118
33	118
34	118
35	118
36	118
37	118
38	118
39	118
40	118
41	118
42	118
43	118
44	118
45	118
46	118
47	118
48	118
49	118
50	118
51	118
52	118
53	118
54	118
55	118
56	118
57	118
58	118
59	118
60	118
61	118
62	118
63	118
64	118
65	118
66	118
67	118
68	118
69	118
70	118
71	118
72	118
73	118
74	118
75	118
76	118
77	118
78	118
79	118
80	118
81	118
82	118
83	118
84	118
28	119
29	119
30	119
31	119
32	119
33	119
34	119
35	119
36	119
37	119
38	119
39	119
40	119
41	119
42	119
43	119
44	119
45	119
46	119
47	119
48	119
49	119
50	119
51	119
52	119
53	119
54	119
55	119
56	119
57	119
58	119
59	119
60	119
61	119
62	119
63	119
64	119
65	119
66	119
67	119
68	119
69	119
70	119
71	119
72	119
73	119
74	119
75	119
76	119
77	119
78	119
79	119
80	119
81	119
82	119
83	119
84	119
29	120
30	120
31	120
32	120
33	120
34	120
35	120
36	120
37	120
38	120
39	120
40	120
41	120
42	120
43	120
44	120
45	120
46	120
47	120
48	120
49	120
50	120
51	120
52	120
53	120
54	120
55	120
56	120
57	120
58	120
59	120
60	120
61	120
62	120
63	120
64	120
65	120
66	120
67	120
68	120
69	120
70	120
71	120
72	120
73	120
74	120
75	120
76	120
77	120
78	120
79	120
80	120
81	120
82	120
83	120
84	120
30	121
31	121
32	121
33	121
34	121
35	121
36	121
37	121
38	121
39	121
40	121
41	121
42	121
43	121
44	121
45	121
46	121
47	121
48	121
49	121
50	121
51	121
52	121
53	121
54	121
55	121
56	121
57	121
58	121
59	121
60	121
61	121
62	121
63	121
64	121
65	121
66	121
67	121
68	121
69	121
70	121
71	121
72	121
73	121
74	121
75	121
76	121
77	121
78	121
79	121
80	121
81	121
82	121
83	121
84	121
33	122
34	122
35	122
36	122
37	122
38	122
39	122
40	122
41	122
42	122
43	122
44	122
45	122
46	122
47	122
48	122
49	122
50	122
51	122
52	122
53	122
54	122
55	122
56	122
57	122
58	122
59	122
60	122
61	122
62	122
63	122
64	122
65	122
66	122
67	122
68	122
69	122
70	122
71	122
72	122
73	122
74	122
75	122
76	122
77	122
78	122
79	122
80	122
81	122
82	122
83	122
84	122
35	123
36	123
37	123
38	123
39	123
40	123
41	123
42	123
43	123
44	123
45	123
46	123
47	123
48	123
49	123
50	123
51	123
52	123
53	123
54	123
55	123
56	123
57	123
58	123
59	123
60	123
61	123
62	123
63	123
64	123
65	123
66	123
67	123
68	123
69	123
70	123
71	123
72	123
73	123
74	123
75	123
76	123
77	123
78	123
79	123
80	123
81	123
82	123
83	123
84	123
37	124
38	124
39	124
40	124
41	124
42	124
43	124
44	124
45	124
46	124
47	124
48	124
49	124
50	124
51	124
52	124
53	124
54	124
55	124
56	124
57	124
58	124
59	124
60	124
61	124
62	124
63	124
64	124
65	124
66	124
67	124
68	124
69	124
70	124
71	124
72	124
73	124
74	124
75	124
76	124
77	124
78	124
79	124
80	124
81	124
82	124
83	124
84	124
40	125
41	125
42	125
43	125
44	125
45	125
46	125
47	125
48	125
49	125
50	125
51	125
52	125
53	125
54	125
55	125
56	125
57	125
58	125
59	125
60	125
61	125
62	125
63	125
64	125
65	125
66	125
68	125
69	125
70	125
71	125
72	125
73	125
74	125
75	125
76	125
77	125
78	125
79	125
80	125
81	125
82	125
83	125
84	125
44	126
45	126
46	126
47	126
48	126
49	126
50	126
51	126
52	126
53	126
54	126
55	126
56	126
57	126
58	126
59	126
60	126
61	126
62	126
63	126
64	126
68	126
69	126
70	126
71	126
72	126
73	126
74	126
75	126
76	126
77	126
78	126
79	126
80	126
81	126
82	126
83	126
84	126
46	127
47	127
48	127
49	127
50	127
51	127
52	127
53	127
54	127
55	127
56	127
57	127
58	127
59	127
60	127
61	127
68	127
69	127
70	127
71	127
72	127
73	127
74	127
75	127
76	127
77	127
78	127
79	127
80	127
81	127
82	127
83	127
84	127
68	128
69	128
70	128
71	128
72	128
73	128
74	128
75	128
76	128
77	128
78	128
79	128
80	128
81	128
82	128
83	128
84	128