-179 67
-131 146
-90 -5
-49 -90
-118 -190
-313 -267
-288 -206
-310 -149
-406 -146
-354 -98
-341 28
-237 91
-201 74
-176 -28
-119 69
3 47
29 18
-160 3
-96 -87
-160 -89
-166 -113
-103 -244
-81 -94
-444 -190
-430 -204
-427 -184
-419 -205
-393 -176
-324 -266
-312 -155
-266 -153
-306 -110
-307 -134
-310 -96
-350 -124
-376 -128
-362 -136
-387 -141
-383 -112
-402 -104
-396 -95
-386 -87
-322 -81
-335 -55
-363 -50
-345 2
-345 15
-331 92
-283 134
-315 121
-268 103
-279 96
-277 -9
-313 81
-299 -21
-285 -73
-273 -87
-208 -25
-163 12
-201 56
-150 84
-213 87
-196 117
-209 126
-170 168
-148 140
-106 114
-136 112
13 62
-70 42
-137 43
-70 29
-39 39
41 37
-51 -124
-63 -110
-76 -42
-112 -74
-154 -63
-239 -54
-197 -110
-156 -130
-121 -64
-146 -180
-129 -280
-127 -151
-125 -164
-24 -157
-34 -145
-3 -138
19 -149
27 -158
-331 -241
-332 -233
-440 -200
-410 -195
-404 -188
-416 -177
-439 -175
-387 -166
-319 -185
-317 -185
-321 -190
-322 -196
-318 -201
-324 -203
-331 -251
-329 -223
-327 -212
-313 -218
-311 -233
-304 -251
-300 -266
-295 -227
-292 -253
-285 -239
-280 -228
-262 -170
-267 -188
-270 -202
-275 -215
-284 -180
-289 -188
-310 -193
-316 -175
-315 -169
-309 -145
-307 -140
-295 -159
-282 -136
-280 -138
-264 -134
-254 -154
-252 -137
-204 -103
-217 -97
-228 -101
-238 -114
-259 -106
-245 -122
-306 -125
-307 -116
-284 -104
-371 -102
-337 -105
-366 -105
-345 -115
-352 -121
-312 -162
-368 -145
-365 -142
-356 -129
-419 -164
-433 -164
-400 -158
-379 -156
-430 -151
-421 -142
-400 -129
-410 -119
-418 -128
-378 -78
-353 -88
-352 -93
-337 -82
-328 -96
-318 -92
-289 -86
-283 -71
-294 -49
-319 -70
-325 -68
-327 -35
-339 -66
-346 -66
-369 -66
-358 -39
-352 -27
-322 -19
-348 -13
-326 14
-320 38
-340 44
-338 55
-333 73
-323 107
-285 149
-303 138
-305 134
-306 116
-289 34
-306 59
-304 -3
-302 26
-295 0
-258 46
-277 67
-247 69
-262 90
-229 114
-248 124
-263 156
-248 158
-211 166
-226 165
-226 143
-200 143
-195 79
-226 114
-220 75
-202 47
-201 46
-218 41
-218 8
-224 32
-224 6
-278 40
-282 19
-269 -13
-261 16
-225 -2
-276 -69
-274 -37
-269 -70
-242 -25
-242 -90
-223 -56
-205 -51
-196 -77
-221 -78
-180 -52
-173 -48
-154 -29
-153 -5
-147 -40
-137 -9
-117 -22
-109 -38
-91 8
-109 22
-109 45
-119 9
-142 45
-140 19
-181 -4
-189 30
-174 34
-166 93
-151 93
-173 124
-170 124
-182 157
-144 157
-157 161
-187 166
-123 137
-120 129
-96 106
-127 90
-91 83
-99 67
-135 57
-130 53
-127 49
-87 41
-44 47
-79 56
-85 61
-42 68
-52 73
-66 82
-80 94
35 73
25 69
-32 66
44 65
-7 55
-18 56
1 55
24 54
43 53
39 25
20 25
8 33
-11 30
-18 36
-32 32
-89 23
-83 27
-60 27
-90 -11
-84 -27
-72 -48
-48 21
-20 14
-38 18
19 11
-9 9
0 9
-23 -105
-16 -112
-6 -123
-1 -129
5 -137
11 -142
11 -150
-8 -154
-41 -135
-31 -129
-46 -110
-71 -100
-45 -80
-33 -95
-57 -70
-62 -62
-88 -65
-99 -60
-104 -87
-120 -90
-127 -96
-162 -62
-176 -58
-168 -62
-159 -71
-136 -91
-190 -123
-184 -138
-178 -153
-171 -105
-170 -132
-147 -106
-129 -115
-130 -125
-128 -135
-119 -201
-122 -177
-135 -196
-150 -167
-156 -179
-166 -198
-171 -180
-175 -166
-162 -214
-156 -229
-152 -241
-146 -256
-141 -266
-143 -205
-132 -225
-130 -247
-133 -264
-112 -280
-118 -270
-99 -268
-99 -256
-108 -231
-110 -218
-16 -165
-2 -170
-8 -175
8 -169
36 -178
22 -182
5 -188
36 -188
26 -188
18 -197
29 -198
34 -194
-342 -95
