541	260
518	214
514	174
549	154
589	154
574	115
543	88
514	60
472	67
440	92
402	109
373	137
350	104
317	128
277	130
286	169
271	214
304	240
345	233
386	237
422	260
437	304
457	339
488	367
515	398
547	424
588	434
618	461
652	488
686	510
702	547
716	585
697	621
759	579
744	537
738	497
782	488
811	516
764	448
723	430
706	393
658	390
610	355
593	317
450	151
412	198
491	115
678	428
370	200
535	356
517	307
332	177
634	423
696	468
487	103
499	89
514	100
508	144
411	145
393	164
368	164
315	257
332	245
282	232
334	117
603	340
626	368
483	277
475	232
509	270
536	291
551	333
573	285
605	393
575	385
588	409
813	484
821	501
502	384
623	472
581	131
580	96
568	94
479	165
478	197
487	207
494	237
462	288
477	307
507	321
686	453
741	466
747	464
757	464
788	482