541	260
520	229
532	196
520	163
555	153
590	156
581	120
544	89
472	67
439	80
425	113
391	94
374	125
351	97
328	124
292	129
286	169
277	205
292	242
324	259
352	229
399	247
426	270
437	304
452	336
480	362
507	387
530	414
559	435
594	440
624	465
652	488
682	508
698	542
712	578
697	620
732	615
747	579
755	543
729	519
743	485
809	515
764	448
731	434
698	419
678	389
641	382
610	355
594	321
582	288
388	180
455	243
492	315
334	172
490	204
435	174
413	205
571	366
409	149
589	402
504	276
451	139
538	349
629	415
492	138
697	462
312	206
668	440
473	168
531	301
491	99
532	123
823	491
705	643
515	71
775	506