49	11
50	11
51	11
52	11
53	11
54	11
55	11
56	11
57	11
58	11
59	11
60	11
61	11
62	11
43	12
44	12
45	12
46	12
47	12
48	12
49	12
50	12
51	12
52	12
53	12
54	12
55	12
56	12
57	12
58	12
59	12
60	12
61	12
62	12
63	12
64	12
65	12
66	12
67	12
68	12
69	12
42	13
43	13
44	13
45	13
46	13
47	13
48	13
49	13
50	13
51	13
52	13
53	13
54	13
55	13
56	13
57	13
58	13
59	13
60	13
61	13
62	13
63	13
64	13
65	13
66	13
67	13
68	13
69	13
70	13
71	13
40	14
41	14
42	14
43	14
44	14
45	14
46	14
47	14
48	14
49	14
50	14
51	14
52	14
53	14
54	14
55	14
56	14
57	14
58	14
59	14
60	14
61	14
62	14
63	14
64	14
65	14
66	14
67	14
68	14
69	14
70	14
71	14
72	14
73	14
37	15
38	15
39	15
40	15
41	15
42	15
43	15
44	15
45	15
46	15
47	15
48	15
49	15
50	15
51	15
52	15
53	15
54	15
55	15
56	15
57	15
58	15
59	15
60	15
61	15
62	15
63	15
64	15
65	15
66	15
67	15
68	15
69	15
70	15
71	15
72	15
73	15
74	15
75	15
36	16
37	16
38	16
39	16
40	16
41	16
42	16
43	16
44	16
45	16
46	16
47	16
48	16
49	16
50	16
51	16
52	16
53	16
54	16
55	16
56	16
57	16
58	16
59	16
60	16
61	16
62	16
63	16
64	16
65	16
66	16
67	16
68	16
69	16
70	16
71	16
72	16
73	16
74	16
75	16
76	16
77	16
36	17
37	17
38	17
39	17
40	17
41	17
42	17
43	17
44	17
45	17
46	17
47	17
48	17
49	17
50	17
51	17
52	17
53	17
54	17
55	17
56	17
57	17
58	17
59	17
60	17
61	17
62	17
63	17
64	17
65	17
66	17
67	17
68	17
69	17
70	17
71	17
72	17
73	17
74	17
75	17
76	17
77	17
78	17
79	17
34	18
35	18
36	18
37	18
38	18
39	18
40	18
41	18
42	18
43	18
44	18
45	18
46	18
47	18
48	18
49	18
50	18
51	18
52	18
53	18
54	18
55	18
56	18
57	18
58	18
59	18
60	18
61	18
62	18
63	18
64	18
65	18
66	18
67	18
68	18
69	18
70	18
71	18
72	18
73	18
74	18
75	18
76	18
77	18
78	18
79	18
80	18
81	18
33	19
34	19
35	19
36	19
37	19
38	19
39	19
40	19
41	19
42	19
43	19
44	19
45	19
46	19
47	19
48	19
49	19
50	19
51	19
52	19
53	19
54	19
55	19
56	19
57	19
58	19
59	19
60	19
61	19
62	19
63	19
64	19
65	19
66	19
67	19
68	19
69	19
70	19
71	19
72	19
73	19
74	19
75	19
76	19
77	19
78	19
79	19
80	19
81	19
82	19
33	20
34	20
35	20
36	20
37	20
38	20
39	20
40	20
41	20
42	20
43	20
44	20
45	20
46	20
47	20
48	20
49	20
50	20
51	20
52	20
53	20
54	20
55	20
56	20
57	20
58	20
59	20
60	20
61	20
62	20
63	20
64	20
65	20
66	20
67	20
68	20
69	20
70	20
71	20
72	20
73	20
74	20
75	20
76	20
77	20
78	20
79	20
80	20
81	20
82	20
31	21
32	21
33	21
34	21
35	21
36	21
37	21
38	21
39	21
40	21
41	21
42	21
43	21
44	21
45	21
46	21
47	21
48	21
49	21
50	21
51	21
52	21
53	21
54	21
55	21
56	21
57	21
58	21
59	21
60	21
61	21
62	21
63	21
64	21
65	21
66	21
67	21
68	21
69	21
70	21
71	21
72	21
73	21
74	21
75	21
76	21
77	21
78	21
79	21
80	21
81	21
82	21
83	21
30	22
31	22
32	22
33	22
34	22
35	22
36	22
37	22
38	22
39	22
40	22
41	22
42	22
43	22
44	22
45	22
46	22
47	22
48	22
49	22
50	22
51	22
52	22
53	22
54	22
55	22
56	22
57	22
58	22
59	22
60	22
61	22
62	22
63	22
64	22
65	22
66	22
67	22
68	22
69	22
70	22
71	22
72	22
73	22
74	22
75	22
76	22
77	22
78	22
79	22
80	22
81	22
82	22
83	22
84	22
30	23
31	23
32	23
33	23
34	23
35	23
36	23
37	23
38	23
39	23
40	23
41	23
42	23
43	23
44	23
45	23
46	23
47	23
48	23
49	23
50	23
51	23
52	23
53	23
54	23
55	23
56	23
57	23
58	23
59	23
60	23
61	23
62	23
63	23
64	23
65	23
66	23
67	23
68	23
69	23
70	23
71	23
72	23
73	23
74	23
75	23
76	23
77	23
78	23
79	23
80	23
81	23
82	23
83	23
84	23
85	23
28	24
29	24
30	24
31	24
32	24
33	24
34	24
35	24
36	24
37	24
38	24
39	24
40	24
41	24
42	24
43	24
44	24
45	24
46	24
47	24
48	24
49	24
50	24
51	24
52	24
53	24
54	24
55	24
56	24
57	24
58	24
59	24
60	24
61	24
62	24
63	24
64	24
65	24
66	24
67	24
68	24
69	24
70	24
71	24
72	24
73	24
74	24
75	24
76	24
77	24
78	24
79	24
80	24
81	24
82	24
83	24
84	24
85	24
86	24
27	25
28	25
29	25
30	25
31	25
32	25
33	25
34	25
35	25
36	25
37	25
38	25
39	25
40	25
41	25
42	25
43	25
44	25
45	25
46	25
47	25
48	25
49	25
50	25
51	25
52	25
53	25
54	25
55	25
56	25
57	25
58	25
59	25
60	25
61	25
62	25
63	25
64	25
65	25
66	25
67	25
68	25
69	25
70	25
71	25
72	25
73	25
74	25
75	25
76	25
77	25
78	25
79	25
80	25
81	25
82	25
83	25
84	25
85	25
86	25
27	26
28	26
29	26
30	26
31	26
32	26
33	26
34	26
35	26
36	26
37	26
38	26
39	26
40	26
41	26
42	26
43	26
44	26
45	26
46	26
47	26
48	26
49	26
50	26
51	26
52	26
53	26
54	26
55	26
56	26
57	26
58	26
59	26
60	26
61	26
62	26
63	26
64	26
65	26
66	26
67	26
68	26
69	26
70	26
71	26
72	26
73	26
74	26
75	26
76	26
77	26
78	26
79	26
80	26
81	26
82	26
83	26
84	26
85	26
86	26
87	26
26	27
27	27
28	27
29	27
30	27
31	27
32	27
33	27
34	27
35	27
36	27
37	27
38	27
39	27
40	27
41	27
42	27
43	27
44	27
45	27
46	27
47	27
48	27
49	27
50	27
51	27
52	27
53	27
54	27
55	27
56	27
57	27
58	27
59	27
60	27
61	27
62	27
63	27
64	27
65	27
66	27
67	27
68	27
69	27
70	27
71	27
72	27
73	27
74	27
75	27
76	27
77	27
78	27
79	27
80	27
81	27
82	27
83	27
84	27
85	27
86	27
87	27
88	27
25	28
26	28
27	28
28	28
29	28
30	28
31	28
32	28
33	28
34	28
35	28
36	28
37	28
38	28
39	28
40	28
41	28
42	28
43	28
44	28
45	28
46	28
47	28
48	28
49	28
50	28
51	28
52	28
53	28
54	28
55	28
56	28
57	28
58	28
59	28
60	28
61	28
62	28
63	28
64	28
65	28
66	28
67	28
68	28
69	28
70	28
71	28
72	28
73	28
74	28
75	28
76	28
77	28
78	28
79	28
80	28
81	28
82	28
83	28
84	28
85	28
86	28
87	28
88	28
89	28
24	29
25	29
26	29
27	29
28	29
29	29
30	29
31	29
32	29
33	29
34	29
35	29
36	29
37	29
38	29
39	29
40	29
41	29
42	29
43	29
44	29
45	29
46	29
47	29
48	29
49	29
50	29
51	29
52	29
53	29
54	29
55	29
56	29
57	29
58	29
59	29
60	29
61	29
62	29
63	29
64	29
65	29
66	29
67	29
68	29
69	29
70	29
71	29
72	29
73	29
74	29
75	29
76	29
77	29
78	29
79	29
80	29
81	29
82	29
83	29
84	29
85	29
86	29
87	29
88	29
89	29
24	30
25	30
26	30
27	30
28	30
29	30
30	30
31	30
32	30
33	30
34	30
35	30
36	30
37	30
38	30
39	30
40	30
41	30
42	30
43	30
44	30
45	30
46	30
47	30
48	30
49	30
50	30
51	30
52	30
53	30
54	30
55	30
56	30
57	30
58	30
59	30
60	30
61	30
62	30
63	30
64	30
65	30
66	30
67	30
68	30
69	30
70	30
71	30
72	30
73	30
74	30
75	30
76	30
77	30
78	30
79	30
80	30
81	30
82	30
83	30
84	30
85	30
86	30
87	30
88	30
89	30
90	30
23	31
24	31
25	31
26	31
27	31
28	31
29	31
30	31
31	31
32	31
33	31
34	31
35	31
36	31
37	31
38	31
39	31
40	31
41	31
42	31
43	31
44	31
45	31
46	31
47	31
48	31
49	31
50	31
51	31
52	31
53	31
54	31
55	31
56	31
57	31
58	31
59	31
60	31
61	31
62	31
63	31
64	31
65	31
66	31
67	31
68	31
69	31
70	31
71	31
72	31
73	31
74	31
75	31
76	31
77	31
78	31
79	31
80	31
81	31
82	31
83	31
84	31
85	31
86	31
87	31
88	31
89	31
90	31
91	31
22	32
23	32
24	32
25	32
26	32
27	32
28	32
29	32
30	32
31	32
32	32
33	32
34	32
35	32
36	32
37	32
38	32
39	32
40	32
41	32
42	32
43	32
44	32
45	32
46	32
47	32
48	32
49	32
50	32
51	32
52	32
53	32
54	32
55	32
56	32
57	32
58	32
59	32
60	32
61	32
62	32
63	32
64	32
65	32
66	32
67	32
68	32
69	32
70	32
71	32
72	32
73	32
74	32
75	32
76	32
77	32
78	32
79	32
80	32
81	32
82	32
83	32
84	32
85	32
86	32
87	32
88	32
89	32
90	32
91	32
21	33
22	33
23	33
24	33
25	33
26	33
27	33
28	33
29	33
30	33
31	33
32	33
33	33
34	33
35	33
36	33
37	33
38	33
39	33
40	33
41	33
42	33
43	33
44	33
45	33
46	33
47	33
48	33
49	33
50	33
51	33
52	33
53	33
54	33
55	33
56	33
57	33
58	33
59	33
60	33
61	33
62	33
63	33
64	33
65	33
66	33
67	33
68	33
69	33
70	33
71	33
72	33
73	33
74	33
75	33
76	33
77	33
78	33
79	33
80	33
81	33
82	33
83	33
84	33
85	33
86	33
87	33
88	33
89	33
90	33
91	33
92	33
21	34
22	34
23	34
24	34
25	34
26	34
27	34
28	34
29	34
30	34
31	34
32	34
33	34
34	34
35	34
36	34
37	34
38	34
39	34
40	34
41	34
42	34
43	34
44	34
45	34
46	34
47	34
48	34
49	34
50	34
51	34
52	34
53	34
54	34
55	34
56	34
57	34
58	34
59	34
60	34
61	34
62	34
63	34
64	34
65	34
66	34
67	34
68	34
69	34
70	34
71	34
72	34
73	34
74	34
75	34
76	34
77	34
78	34
79	34
80	34
81	34
82	34
83	34
84	34
85	34
86	34
87	34
88	34
89	34
90	34
91	34
92	34
20	35
21	35
22	35
23	35
24	35
25	35
26	35
27	35
28	35
29	35
30	35
31	35
32	35
33	35
34	35
35	35
36	35
37	35
38	35
39	35
40	35
41	35
42	35
43	35
44	35
45	35
46	35
47	35
48	35
49	35
50	35
51	35
52	35
53	35
54	35
55	35
56	35
57	35
58	35
59	35
60	35
61	35
62	35
63	35
64	35
65	35
66	35
67	35
68	35
69	35
70	35
71	35
72	35
73	35
74	35
75	35
76	35
77	35
78	35
79	35
80	35
81	35
82	35
83	35
84	35
85	35
86	35
87	35
88	35
89	35
90	35
91	35
92	35
20	36
21	36
22	36
23	36
24	36
25	36
26	36
27	36
28	36
29	36
30	36
31	36
32	36
33	36
34	36
35	36
36	36
37	36
38	36
39	36
40	36
41	36
42	36
43	36
44	36
45	36
46	36
47	36
48	36
49	36
50	36
51	36
52	36
53	36
54	36
55	36
56	36
57	36
58	36
59	36
60	36
61	36
62	36
63	36
64	36
65	36
66	36
67	36
68	36
69	36
70	36
71	36
72	36
73	36
74	36
75	36
76	36
77	36
78	36
79	36
80	36
81	36
82	36
83	36
84	36
85	36
86	36
87	36
88	36
89	36
90	36
91	36
92	36
93	36
19	37
20	37
21	37
22	37
23	37
24	37
25	37
26	37
27	37
28	37
29	37
30	37
31	37
32	37
33	37
34	37
35	37
36	37
37	37
38	37
39	37
40	37
41	37
42	37
43	37
44	37
45	37
46	37
47	37
48	37
49	37
50	37
51	37
52	37
53	37
54	37
55	37
56	37
57	37
58	37
59	37
60	37
61	37
62	37
63	37
64	37
65	37
66	37
67	37
68	37
69	37
70	37
71	37
72	37
73	37
74	37
75	37
76	37
77	37
78	37
79	37
80	37
81	37
82	37
83	37
84	37
85	37
86	37
87	37
88	37
89	37
90	37
91	37
92	37
93	37
18	38
19	38
20	38
21	38
22	38
23	38
24	38
25	38
26	38
27	38
28	38
29	38
30	38
31	38
32	38
33	38
34	38
35	38
36	38
37	38
38	38
39	38
40	38
41	38
42	38
43	38
44	38
45	38
46	38
47	38
48	38
49	38
50	38
51	38
52	38
53	38
54	38
55	38
56	38
57	38
58	38
59	38
60	38
61	38
62	38
63	38
64	38
65	38
66	38
67	38
68	38
69	38
70	38
71	38
72	38
73	38
74	38
75	38
76	38
77	38
78	38
79	38
80	38
81	38
82	38
83	38
84	38
85	38
86	38
87	38
88	38
89	38
90	38
91	38
92	38
93	38
94	38
18	39
19	39
20	39
21	39
22	39
23	39
24	39
25	39
26	39
27	39
28	39
29	39
30	39
31	39
32	39
33	39
34	39
35	39
36	39
37	39
38	39
39	39
40	39
41	39
42	39
43	39
44	39
45	39
46	39
47	39
48	39
49	39
50	39
51	39
52	39
53	39
54	39
55	39
56	39
57	39
58	39
59	39
60	39
61	39
62	39
63	39
64	39
65	39
66	39
67	39
68	39
69	39
70	39
71	39
72	39
73	39
74	39
75	39
76	39
77	39
78	39
79	39
80	39
81	39
82	39
83	39
84	39
85	39
86	39
87	39
88	39
89	39
90	39
91	39
92	39
93	39
94	39
17	40
18	40
19	40
20	40
21	40
22	40
23	40
24	40
25	40
26	40
27	40
28	40
29	40
30	40
31	40
32	40
33	40
34	40
35	40
36	40
37	40
38	40
39	40
40	40
41	40
42	40
43	40
44	40
45	40
46	40
47	40
48	40
49	40
50	40
51	40
52	40
53	40
54	40
55	40
56	40
57	40
58	40
59	40
60	40
61	40
62	40
63	40
64	40
65	40
66	40
67	40
68	40
69	40
70	40
71	40
72	40
73	40
74	40
75	40
76	40
77	40
78	40
79	40
80	40
81	40
82	40
83	40
84	40
85	40
86	40
87	40
88	40
89	40
90	40
91	40
92	40
93	40
94	40
17	41
18	41
19	41
20	41
21	41
22	41
23	41
24	41
25	41
26	41
27	41
28	41
29	41
30	41
31	41
32	41
33	41
34	41
35	41
36	41
37	41
38	41
39	41
40	41
41	41
42	41
43	41
44	41
45	41
46	41
47	41
48	41
49	41
50	41
51	41
52	41
53	41
54	41
55	41
56	41
57	41
58	41
59	41
60	41
61	41
62	41
63	41
64	41
65	41
66	41
67	41
68	41
69	41
70	41
71	41
72	41
73	41
74	41
75	41
76	41
77	41
78	41
79	41
80	41
81	41
82	41
83	41
84	41
85	41
86	41
87	41
88	41
89	41
90	41
91	41
92	41
93	41
94	41
16	42
17	42
18	42
19	42
20	42
21	42
22	42
23	42
24	42
25	42
26	42
27	42
28	42
29	42
30	42
31	42
32	42
33	42
34	42
35	42
36	42
37	42
38	42
39	42
40	42
41	42
42	42
43	42
44	42
45	42
46	42
47	42
48	42
49	42
50	42
51	42
52	42
53	42
54	42
55	42
56	42
57	42
58	42
59	42
60	42
61	42
62	42
63	42
64	42
65	42
66	42
67	42
68	42
69	42
70	42
71	42
72	42
73	42
74	42
75	42
76	42
77	42
78	42
79	42
80	42
81	42
82	42
83	42
84	42
85	42
86	42
87	42
88	42
89	42
90	42
91	42
92	42
93	42
94	42
15	43
16	43
17	43
18	43
19	43
20	43
21	43
22	43
23	43
24	43
25	43
26	43
27	43
28	43
29	43
30	43
31	43
32	43
33	43
34	43
35	43
36	43
37	43
38	43
39	43
40	43
41	43
42	43
43	43
44	43
45	43
46	43
47	43
48	43
49	43
50	43
51	43
52	43
53	43
54	43
55	43
56	43
57	43
58	43
59	43
60	43
61	43
62	43
63	43
64	43
65	43
66	43
67	43
68	43
69	43
70	43
71	43
72	43
73	43
74	43
75	43
76	43
77	43
78	43
79	43
80	43
81	43
82	43
83	43
84	43
85	43
86	43
87	43
88	43
89	43
90	43
91	43
92	43
93	43
94	43
15	44
16	44
17	44
18	44
19	44
20	44
21	44
22	44
23	44
24	44
25	44
26	44
27	44
28	44
29	44
30	44
31	44
32	44
33	44
34	44
35	44
36	44
37	44
38	44
39	44
40	44
41	44
42	44
43	44
44	44
45	44
46	44
47	44
48	44
49	44
50	44
51	44
52	44
53	44
54	44
55	44
56	44
57	44
58	44
59	44
60	44
61	44
62	44
63	44
64	44
65	44
66	44
67	44
68	44
69	44
70	44
71	44
72	44
73	44
74	44
75	44
76	44
77	44
78	44
79	44
80	44
81	44
82	44
83	44
84	44
85	44
86	44
87	44
88	44
89	44
90	44
91	44
92	44
93	44
94	44
14	45
15	45
16	45
17	45
18	45
19	45
20	45
21	45
22	45
23	45
24	45
25	45
26	45
27	45
28	45
29	45
30	45
31	45
32	45
33	45
34	45
35	45
36	45
37	45
38	45
39	45
40	45
41	45
42	45
43	45
44	45
45	45
46	45
47	45
48	45
49	45
50	45
51	45
52	45
53	45
54	45
55	45
56	45
57	45
58	45
59	45
60	45
61	45
62	45
63	45
64	45
65	45
66	45
67	45
68	45
69	45
70	45
71	45
72	45
73	45
74	45
75	45
76	45
77	45
78	45
79	45
80	45
81	45
82	45
83	45
84	45
85	45
86	45
87	45
88	45
89	45
90	45
91	45
92	45
93	45
94	45
14	46
15	46
16	46
17	46
18	46
19	46
20	46
21	46
22	46
23	46
24	46
25	46
26	46
27	46
28	46
29	46
30	46
31	46
32	46
33	46
34	46
35	46
36	46
37	46
38	46
39	46
40	46
41	46
42	46
43	46
44	46
45	46
46	46
47	46
48	46
49	46
50	46
51	46
52	46
53	46
54	46
55	46
56	46
57	46
58	46
59	46
60	46
61	46
62	46
63	46
64	46
65	46
66	46
67	46
68	46
69	46
70	46
71	46
72	46
73	46
74	46
75	46
76	46
77	46
78	46
79	46
80	46
81	46
82	46
83	46
84	46
85	46
86	46
87	46
88	46
89	46
90	46
91	46
92	46
93	46
94	46
14	47
15	47
16	47
17	47
18	47
19	47
20	47
21	47
22	47
23	47
24	47
25	47
26	47
27	47
28	47
29	47
30	47
31	47
32	47
33	47
34	47
35	47
36	47
37	47
38	47
39	47
40	47
41	47
42	47
43	47
44	47
45	47
46	47
47	47
48	47
49	47
50	47
51	47
52	47
53	47
54	47
55	47
56	47
57	47
58	47
59	47
60	47
61	47
62	47
63	47
64	47
65	47
66	47
67	47
68	47
69	47
70	47
71	47
72	47
73	47
74	47
75	47
76	47
77	47
78	47
79	47
80	47
81	47
82	47
83	47
84	47
85	47
86	47
87	47
88	47
89	47
90	47
91	47
92	47
93	47
94	47
13	48
14	48
15	48
16	48
17	48
18	48
19	48
20	48
21	48
22	48
23	48
24	48
25	48
26	48
27	48
28	48
29	48
30	48
31	48
32	48
33	48
34	48
35	48
36	48
37	48
38	48
39	48
40	48
41	48
42	48
43	48
44	48
45	48
46	48
47	48
48	48
49	48
50	48
51	48
52	48
53	48
54	48
55	48
56	48
57	48
58	48
59	48
60	48
61	48
62	48
63	48
64	48
65	48
66	48
67	48
68	48
69	48
70	48
71	48
72	48
73	48
74	48
75	48
76	48
77	48
78	48
79	48
80	48
81	48
82	48
83	48
84	48
85	48
86	48
87	48
88	48
89	48
90	48
91	48
92	48
93	48
94	48
13	49
14	49
15	49
16	49
17	49
18	49
19	49
20	49
21	49
22	49
23	49
24	49
25	49
26	49
27	49
28	49
29	49
30	49
31	49
32	49
33	49
34	49
35	49
36	49
37	49
38	49
39	49
40	49
41	49
42	49
43	49
44	49
45	49
46	49
47	49
48	49
49	49
50	49
51	49
52	49
53	49
54	49
55	49
56	49
57	49
58	49
59	49
60	49
61	49
62	49
63	49
64	49
65	49
66	49
67	49
68	49
69	49
70	49
71	49
72	49
73	49
74	49
75	49
76	49
77	49
78	49
79	49
80	49
81	49
82	49
83	49
84	49
85	49
86	49
87	49
88	49
89	49
90	49
91	49
92	49
93	49
94	49
13	50
14	50
15	50
16	50
17	50
18	50
19	50
20	50
21	50
22	50
23	50
24	50
25	50
26	50
27	50
28	50
29	50
30	50
31	50
32	50
33	50
34	50
35	50
36	50
37	50
38	50
39	50
40	50
41	50
42	50
43	50
44	50
45	50
46	50
47	50
48	50
49	50
50	50
51	50
52	50
53	50
54	50
55	50
56	50
57	50
58	50
59	50
60	50
61	50
62	50
63	50
64	50
65	50
66	50
67	50
68	50
69	50
70	50
71	50
72	50
73	50
74	50
75	50
76	50
77	50
78	50
79	50
80	50
81	50
82	50
83	50
84	50
85	50
86	50
87	50
88	50
89	50
90	50
91	50
92	50
93	50
94	50
13	51
14	51
15	51
16	51
17	51
18	51
19	51
20	51
21	51
22	51
23	51
24	51
25	51
26	51
27	51
28	51
29	51
30	51
31	51
32	51
33	51
34	51
35	51
36	51
37	51
38	51
39	51
40	51
41	51
42	51
43	51
44	51
45	51
46	51
47	51
48	51
49	51
50	51
51	51
52	51
53	51
54	51
55	51
56	51
57	51
58	51
59	51
60	51
61	51
62	51
63	51
64	51
65	51
66	51
67	51
68	51
69	51
70	51
71	51
72	51
73	51
74	51
75	51
76	51
77	51
78	51
79	51
80	51
81	51
82	51
83	51
84	51
85	51
86	51
87	51
88	51
89	51
90	51
91	51
92	51
93	51
94	51
13	52
14	52
15	52
16	52
17	52
18	52
19	52
20	52
21	52
22	52
23	52
24	52
25	52
26	52
27	52
28	52
29	52
30	52
31	52
32	52
33	52
34	52
35	52
36	52
37	52
38	52
39	52
40	52
41	52
42	52
43	52
44	52
45	52
46	52
47	52
48	52
49	52
50	52
51	52
52	52
53	52
54	52
55	52
56	52
57	52
58	52
59	52
60	52
61	52
62	52
63	52
64	52
65	52
66	52
67	52
68	52
69	52
70	52
71	52
72	52
73	52
74	52
75	52
76	52
77	52
78	52
79	52
80	52
81	52
82	52
83	52
84	52
85	52
86	52
87	52
88	52
89	52
90	52
91	52
92	52
93	52
94	52
13	53
14	53
15	53
16	53
17	53
18	53
19	53
20	53
21	53
22	53
23	53
24	53
25	53
26	53
27	53
28	53
29	53
30	53
31	53
32	53
33	53
34	53
35	53
36	53
37	53
38	53
39	53
40	53
41	53
42	53
43	53
44	53
45	53
46	53
47	53
48	53
49	53
50	53
51	53
52	53
53	53
54	53
55	53
56	53
57	53
58	53
59	53
60	53
61	53
62	53
63	53
64	53
65	53
66	53
67	53
68	53
69	53
70	53
71	53
72	53
73	53
74	53
75	53
76	53
77	53
78	53
79	53
80	53
81	53
82	53
83	53
84	53
85	53
86	53
87	53
88	53
89	53
90	53
91	53
92	53
93	53
94	53
13	54
14	54
15	54
16	54
17	54
18	54
19	54
20	54
21	54
22	54
23	54
24	54
25	54
26	54
27	54
28	54
29	54
30	54
31	54
32	54
33	54
34	54
35	54
36	54
37	54
38	54
39	54
40	54
41	54
42	54
43	54
44	54
45	54
46	54
47	54
48	54
49	54
50	54
51	54
52	54
53	54
54	54
55	54
56	54
57	54
58	54
59	54
60	54
61	54
62	54
63	54
64	54
65	54
66	54
67	54
68	54
69	54
70	54
71	54
72	54
73	54
74	54
75	54
76	54
77	54
78	54
79	54
80	54
81	54
82	54
83	54
84	54
85	54
86	54
87	54
88	54
89	54
90	54
91	54
92	54
93	54
94	54
13	55
14	55
15	55
16	55
17	55
18	55
19	55
20	55
21	55
22	55
23	55
24	55
25	55
26	55
27	55
28	55
29	55
30	55
31	55
32	55
33	55
34	55
35	55
36	55
37	55
38	55
39	55
40	55
41	55
42	55
43	55
44	55
45	55
46	55
47	55
48	55
49	55
50	55
51	55
52	55
53	55
54	55
55	55
56	55
57	55
58	55
59	55
60	55
61	55
62	55
63	55
64	55
65	55
66	55
67	55
68	55
69	55
70	55
71	55
72	55
73	55
74	55
75	55
76	55
77	55
78	55
79	55
80	55
81	55
82	55
83	55
84	55
85	55
86	55
87	55
88	55
89	55
90	55
91	55
92	55
93	55
94	55
13	56
14	56
15	56
16	56
17	56
18	56
19	56
20	56
21	56
22	56
23	56
24	56
25	56
26	56
27	56
28	56
29	56
30	56
31	56
32	56
33	56
34	56
35	56
36	56
37	56
38	56
39	56
40	56
41	56
42	56
43	56
44	56
45	56
46	56
47	56
48	56
49	56
50	56
51	56
52	56
53	56
54	56
55	56
56	56
57	56
58	56
59	56
60	56
61	56
62	56
63	56
64	56
65	56
66	56
67	56
68	56
69	56
70	56
71	56
72	56
73	56
74	56
75	56
76	56
77	56
78	56
79	56
80	56
81	56
82	56
83	56
84	56
85	56
86	56
87	56
88	56
89	56
90	56
91	56
92	56
93	56
94	56
13	57
14	57
15	57
16	57
17	57
18	57
19	57
20	57
21	57
22	57
23	57
24	57
25	57
26	57
27	57
28	57
29	57
30	57
31	57
32	57
33	57
34	57
35	57
36	57
37	57
38	57
39	57
40	57
41	57
42	57
43	57
44	57
45	57
46	57
47	57
48	57
49	57
50	57
51	57
52	57
53	57
54	57
55	57
56	57
57	57
58	57
59	57
60	57
61	57
62	57
63	57
64	57
65	57
66	57
67	57
68	57
69	57
70	57
71	57
72	57
73	57
74	57
75	57
76	57
77	57
78	57
79	57
80	57
81	57
82	57
83	57
84	57
85	57
86	57
87	57
88	57
89	57
90	57
91	57
92	57
93	57
94	57
13	58
14	58
15	58
16	58
17	58
18	58
19	58
20	58
21	58
22	58
23	58
24	58
25	58
26	58
27	58
28	58
29	58
30	58
31	58
32	58
33	58
34	58
35	58
36	58
37	58
38	58
39	58
40	58
41	58
42	58
43	58
44	58
45	58
46	58
47	58
48	58
49	58
50	58
51	58
52	58
53	58
54	58
55	58
56	58
57	58
58	58
59	58
60	58
61	58
62	58
63	58
64	58
65	58
66	58
67	58
68	58
69	58
70	58
71	58
72	58
73	58
74	58
75	58
76	58
77	58
78	58
79	58
80	58
81	58
82	58
83	58
84	58
85	58
86	58
87	58
88	58
89	58
90	58
91	58
92	58
93	58
94	58
13	59
14	59
15	59
16	59
17	59
18	59
19	59
20	59
21	59
22	59
23	59
24	59
25	59
26	59
27	59
28	59
29	59
30	59
31	59
32	59
33	59
34	59
35	59
36	59
37	59
38	59
39	59
40	59
41	59
42	59
43	59
44	59
45	59
46	59
47	59
48	59
49	59
50	59
51	59
52	59
53	59
54	59
55	59
56	59
57	59
58	59
59	59
60	59
61	59
62	59
63	59
64	59
65	59
66	59
67	59
68	59
69	59
70	59
71	59
72	59
73	59
74	59
75	59
76	59
77	59
78	59
79	59
80	59
81	59
82	59
83	59
84	59
85	59
86	59
87	59
88	59
89	59
90	59
91	59
92	59
93	59
94	59
13	60
14	60
15	60
16	60
17	60
18	60
19	60
20	60
21	60
22	60
23	60
24	60
25	60
26	60
27	60
28	60
29	60
30	60
31	60
32	60
33	60
34	60
35	60
36	60
37	60
38	60
39	60
40	60
41	60
42	60
43	60
44	60
45	60
46	60
47	60
48	60
49	60
50	60
51	60
52	60
53	60
54	60
55	60
56	60
57	60
58	60
59	60
60	60
61	60
62	60
63	60
64	60
65	60
66	60
67	60
68	60
69	60
70	60
71	60
72	60
73	60
74	60
75	60
76	60
77	60
78	60
79	60
80	60
81	60
82	60
83	60
84	60
85	60
86	60
87	60
88	60
89	60
90	60
91	60
92	60
93	60
94	60
13	61
14	61
15	61
16	61
17	61
18	61
19	61
20	61
21	61
22	61
23	61
24	61
25	61
26	61
27	61
28	61
29	61
30	61
31	61
32	61
33	61
34	61
35	61
36	61
37	61
38	61
39	61
40	61
41	61
42	61
43	61
44	61
45	61
46	61
47	61
48	61
49	61
50	61
51	61
52	61
53	61
54	61
55	61
56	61
57	61
58	61
59	61
60	61
61	61
62	61
63	61
64	61
65	61
66	61
67	61
68	61
69	61
70	61
71	61
72	61
73	61
74	61
75	61
76	61
77	61
78	61
79	61
80	61
81	61
82	61
83	61
84	61
85	61
86	61
87	61
88	61
89	61
90	61
91	61
92	61
93	61
94	61
12	62
13	62
14	62
15	62
16	62
17	62
18	62
19	62
20	62
21	62
22	62
23	62
24	62
25	62
26	62
27	62
28	62
29	62
30	62
31	62
32	62
33	62
34	62
35	62
36	62
37	62
38	62
39	62
40	62
41	62
42	62
43	62
44	62
45	62
46	62
47	62
48	62
49	62
50	62
51	62
52	62
53	62
54	62
55	62
56	62
57	62
58	62
59	62
60	62
61	62
62	62
63	62
64	62
65	62
66	62
67	62
68	62
69	62
70	62
71	62
72	62
73	62
74	62
75	62
76	62
77	62
78	62
79	62
80	62
81	62
82	62
83	62
84	62
85	62
86	62
87	62
88	62
89	62
90	62
91	62
92	62
93	62
94	62
12	63
13	63
14	63
15	63
16	63
17	63
18	63
19	63
20	63
21	63
22	63
23	63
24	63
25	63
26	63
27	63
28	63
29	63
30	63
31	63
32	63
33	63
34	63
35	63
36	63
37	63
38	63
39	63
40	63
41	63
42	63
43	63
44	63
45	63
46	63
47	63
48	63
49	63
50	63
51	63
52	63
53	63
54	63
55	63
56	63
57	63
58	63
59	63
60	63
61	63
62	63
63	63
64	63
65	63
66	63
67	63
68	63
69	63
70	63
71	63
72	63
73	63
74	63
75	63
76	63
77	63
78	63
79	63
80	63
81	63
82	63
83	63
84	63
85	63
86	63
87	63
88	63
89	63
90	63
91	63
92	63
93	63
94	63
12	64
13	64
14	64
15	64
16	64
17	64
18	64
19	64
20	64
21	64
22	64
23	64
24	64
25	64
26	64
27	64
28	64
29	64
30	64
31	64
32	64
33	64
34	64
35	64
36	64
37	64
38	64
39	64
40	64
41	64
42	64
43	64
44	64
45	64
46	64
47	64
48	64
49	64
50	64
51	64
52	64
53	64
54	64
55	64
56	64
57	64
58	64
59	64
60	64
61	64
62	64
63	64
64	64
65	64
66	64
67	64
68	64
69	64
70	64
71	64
72	64
73	64
74	64
75	64
76	64
77	64
78	64
79	64
80	64
81	64
82	64
83	64
84	64
85	64
86	64
87	64
88	64
89	64
90	64
91	64
92	64
93	64
94	64
12	65
13	65
14	65
15	65
16	65
17	65
18	65
19	65
20	65
21	65
22	65
23	65
24	65
25	65
26	65
27	65
28	65
29	65
30	65
31	65
32	65
33	65
34	65
35	65
36	65
37	65
38	65
39	65
40	65
41	65
42	65
43	65
44	65
45	65
46	65
47	65
48	65
49	65
50	65
51	65
52	65
53	65
54	65
55	65
56	65
57	65
58	65
59	65
60	65
61	65
62	65
63	65
64	65
65	65
66	65
67	65
68	65
69	65
70	65
71	65
72	65
73	65
74	65
75	65
76	65
77	65
78	65
79	65
80	65
81	65
82	65
83	65
84	65
85	65
86	65
87	65
88	65
89	65
90	65
91	65
92	65
93	65
94	65
12	66
13	66
14	66
15	66
16	66
17	66
18	66
19	66
20	66
21	66
22	66
23	66
24	66
25	66
26	66
27	66
28	66
29	66
30	66
31	66
32	66
33	66
34	66
35	66
36	66
37	66
38	66
39	66
40	66
41	66
42	66
43	66
44	66
45	66
46	66
47	66
48	66
49	66
50	66
51	66
52	66
53	66
54	66
55	66
56	66
57	66
58	66
59	66
60	66
61	66
62	66
63	66
64	66
65	66
66	66
67	66
68	66
69	66
70	66
71	66
72	66
73	66
74	66
75	66
76	66
77	66
78	66
79	66
80	66
81	66
82	66
83	66
84	66
85	66
86	66
87	66
88	66
89	66
90	66
91	66
92	66
93	66
94	66
13	67
14	67
15	67
16	67
17	67
18	67
19	67
20	67
21	67
22	67
23	67
24	67
25	67
26	67
27	67
28	67
29	67
30	67
31	67
32	67
33	67
34	67
35	67
36	67
37	67
38	67
39	67
40	67
41	67
42	67
43	67
44	67
45	67
46	67
47	67
48	67
49	67
50	67
51	67
52	67
53	67
54	67
55	67
56	67
57	67
58	67
59	67
60	67
61	67
62	67
63	67
64	67
65	67
66	67
67	67
68	67
69	67
70	67
71	67
72	67
73	67
74	67
75	67
76	67
77	67
78	67
79	67
80	67
81	67
82	67
83	67
84	67
85	67
86	67
87	67
88	67
89	67
90	67
91	67
92	67
93	67
94	67
13	68
14	68
15	68
16	68
17	68
18	68
19	68
20	68
21	68
22	68
23	68
24	68
25	68
26	68
27	68
28	68
29	68
30	68
31	68
32	68
33	68
34	68
35	68
36	68
37	68
38	68
39	68
40	68
41	68
42	68
43	68
44	68
45	68
46	68
47	68
48	68
49	68
50	68
51	68
52	68
53	68
54	68
55	68
56	68
57	68
58	68
59	68
60	68
61	68
62	68
63	68
64	68
65	68
66	68
67	68
68	68
69	68
70	68
71	68
72	68
73	68
74	68
75	68
76	68
77	68
78	68
79	68
80	68
81	68
82	68
83	68
84	68
85	68
86	68
87	68
88	68
89	68
90	68
91	68
92	68
93	68
94	68
14	69
15	69
16	69
17	69
18	69
19	69
20	69
21	69
22	69
23	69
24	69
25	69
26	69
27	69
28	69
29	69
30	69
31	69
32	69
33	69
34	69
35	69
36	69
37	69
38	69
39	69
40	69
41	69
42	69
43	69
44	69
45	69
46	69
47	69
48	69
49	69
50	69
51	69
52	69
53	69
54	69
55	69
56	69
57	69
58	69
59	69
60	69
61	69
62	69
63	69
64	69
65	69
66	69
67	69
68	69
69	69
70	69
71	69
72	69
73	69
74	69
75	69
76	69
77	69
78	69
79	69
80	69
81	69
82	69
83	69
84	69
85	69
86	69
87	69
88	69
89	69
90	69
91	69
92	69
93	69
94	69
14	70
15	70
16	70
17	70
18	70
19	70
20	70
21	70
22	70
23	70
24	70
25	70
26	70
27	70
28	70
29	70
30	70
31	70
32	70
33	70
34	70
35	70
36	70
37	70
38	70
39	70
40	70
41	70
42	70
43	70
44	70
45	70
46	70
47	70
48	70
49	70
50	70
51	70
52	70
53	70
54	70
55	70
56	70
57	70
58	70
59	70
60	70
61	70
62	70
63	70
64	70
65	70
66	70
67	70
68	70
69	70
70	70
71	70
72	70
73	70
74	70
75	70
76	70
77	70
78	70
79	70
80	70
81	70
82	70
83	70
84	70
85	70
86	70
87	70
88	70
89	70
90	70
91	70
92	70
93	70
94	70
14	71
15	71
16	71
17	71
18	71
19	71
20	71
21	71
22	71
23	71
24	71
25	71
26	71
27	71
28	71
29	71
30	71
31	71
32	71
33	71
34	71
35	71
36	71
37	71
38	71
39	71
40	71
41	71
42	71
43	71
44	71
45	71
46	71
47	71
48	71
49	71
50	71
51	71
52	71
53	71
54	71
55	71
56	71
57	71
58	71
59	71
60	71
61	71
62	71
63	71
64	71
65	71
66	71
67	71
68	71
69	71
70	71
71	71
72	71
73	71
74	71
75	71
76	71
77	71
78	71
79	71
80	71
81	71
82	71
83	71
84	71
85	71
86	71
87	71
88	71
89	71
90	71
91	71
92	71
93	71
94	71
14	72
15	72
16	72
17	72
18	72
19	72
20	72
21	72
22	72
23	72
24	72
25	72
26	72
27	72
28	72
29	72
30	72
31	72
32	72
33	72
34	72
35	72
36	72
37	72
38	72
39	72
40	72
41	72
42	72
43	72
44	72
45	72
46	72
47	72
48	72
49	72
50	72
51	72
52	72
53	72
54	72
55	72
56	72
57	72
58	72
59	72
60	72
61	72
62	72
63	72
64	72
65	72
66	72
67	72
68	72
69	72
70	72
71	72
72	72
73	72
74	72
75	72
76	72
77	72
78	72
79	72
80	72
81	72
82	72
83	72
84	72
85	72
86	72
87	72
88	72
89	72
90	72
91	72
92	72
93	72
94	72
15	73
16	73
17	73
18	73
19	73
20	73
21	73
22	73
23	73
24	73
25	73
26	73
27	73
28	73
29	73
30	73
31	73
32	73
33	73
34	73
35	73
36	73
37	73
38	73
39	73
40	73
41	73
42	73
43	73
44	73
45	73
46	73
47	73
48	73
49	73
50	73
51	73
52	73
53	73
54	73
55	73
56	73
57	73
58	73
59	73
60	73
61	73
62	73
63	73
64	73
65	73
66	73
67	73
68	73
69	73
70	73
71	73
72	73
73	73
74	73
75	73
76	73
77	73
78	73
79	73
80	73
81	73
82	73
83	73
84	73
85	73
86	73
87	73
88	73
89	73
90	73
91	73
92	73
93	73
94	73
15	74
16	74
17	74
18	74
19	74
20	74
21	74
22	74
23	74
24	74
25	74
26	74
27	74
28	74
29	74
30	74
31	74
32	74
33	74
34	74
35	74
36	74
37	74
38	74
39	74
40	74
41	74
42	74
43	74
44	74
45	74
46	74
47	74
48	74
49	74
50	74
51	74
52	74
53	74
54	74
55	74
56	74
57	74
58	74
59	74
60	74
61	74
62	74
63	74
64	74
65	74
66	74
67	74
68	74
69	74
70	74
71	74
72	74
73	74
74	74
75	74
76	74
77	74
78	74
79	74
80	74
81	74
82	74
83	74
84	74
85	74
86	74
87	74
88	74
89	74
90	74
91	74
92	74
93	74
94	74
15	75
16	75
17	75
18	75
19	75
20	75
21	75
22	75
23	75
24	75
25	75
26	75
27	75
28	75
29	75
30	75
31	75
32	75
33	75
34	75
35	75
36	75
37	75
38	75
39	75
40	75
41	75
42	75
43	75
44	75
45	75
46	75
47	75
48	75
49	75
50	75
51	75
52	75
53	75
54	75
55	75
56	75
57	75
58	75
59	75
60	75
61	75
62	75
63	75
64	75
65	75
66	75
67	75
68	75
69	75
70	75
71	75
72	75
73	75
74	75
75	75
76	75
77	75
78	75
79	75
80	75
81	75
82	75
83	75
84	75
85	75
86	75
87	75
88	75
89	75
90	75
91	75
92	75
93	75
94	75
15	76
16	76
17	76
18	76
19	76
20	76
21	76
22	76
23	76
24	76
25	76
26	76
27	76
28	76
29	76
30	76
31	76
32	76
33	76
34	76
35	76
36	76
37	76
38	76
39	76
40	76
41	76
42	76
43	76
44	76
45	76
46	76
47	76
48	76
49	76
50	76
51	76
52	76
53	76
54	76
55	76
56	76
57	76
58	76
59	76
60	76
61	76
62	76
63	76
64	76
65	76
66	76
67	76
68	76
69	76
70	76
71	76
72	76
73	76
74	76
75	76
76	76
77	76
78	76
79	76
80	76
81	76
82	76
83	76
84	76
85	76
86	76
87	76
88	76
89	76
90	76
91	76
92	76
93	76
94	76
16	77
17	77
18	77
19	77
20	77
21	77
22	77
23	77
24	77
25	77
26	77
27	77
28	77
29	77
30	77
31	77
32	77
33	77
34	77
35	77
36	77
37	77
38	77
39	77
40	77
41	77
42	77
43	77
44	77
45	77
46	77
47	77
48	77
49	77
50	77
51	77
52	77
53	77
54	77
55	77
56	77
57	77
58	77
59	77
60	77
61	77
62	77
63	77
64	77
65	77
66	77
67	77
68	77
69	77
70	77
71	77
72	77
73	77
74	77
75	77
76	77
77	77
78	77
79	77
80	77
81	77
82	77
83	77
84	77
85	77
86	77
87	77
88	77
89	77
90	77
91	77
92	77
93	77
16	78
17	78
18	78
19	78
20	78
21	78
22	78
23	78
24	78
25	78
26	78
27	78
28	78
29	78
30	78
31	78
32	78
33	78
34	78
35	78
36	78
37	78
38	78
39	78
40	78
41	78
42	78
43	78
44	78
45	78
46	78
47	78
48	78
49	78
50	78
51	78
52	78
53	78
54	78
55	78
56	78
57	78
58	78
59	78
60	78
61	78
62	78
63	78
64	78
65	78
66	78
67	78
68	78
69	78
70	78
71	78
72	78
73	78
74	78
75	78
76	78
77	78
78	78
79	78
80	78
81	78
82	78
83	78
84	78
85	78
86	78
87	78
88	78
89	78
90	78
91	78
92	78
93	78
17	79
18	79
19	79
20	79
21	79
22	79
23	79
24	79
25	79
26	79
27	79
28	79
29	79
30	79
31	79
32	79
33	79
34	79
35	79
36	79
37	79
38	79
39	79
40	79
41	79
42	79
43	79
44	79
45	79
46	79
47	79
48	79
49	79
50	79
51	79
52	79
53	79
54	79
55	79
56	79
57	79
58	79
59	79
60	79
61	79
62	79
63	79
64	79
65	79
66	79
67	79
68	79
69	79
70	79
71	79
72	79
73	79
74	79
75	79
76	79
77	79
78	79
79	79
80	79
81	79
82	79
83	79
84	79
85	79
86	79
87	79
88	79
89	79
90	79
91	79
92	79
17	80
18	80
19	80
20	80
21	80
22	80
23	80
24	80
25	80
26	80
27	80
28	80
29	80
30	80
31	80
32	80
33	80
34	80
35	80
36	80
37	80
38	80
39	80
40	80
41	80
42	80
43	80
44	80
45	80
46	80
47	80
48	80
49	80
50	80
51	80
52	80
53	80
54	80
55	80
56	80
57	80
58	80
59	80
60	80
61	80
62	80
63	80
64	80
65	80
66	80
67	80
68	80
69	80
70	80
71	80
72	80
73	80
74	80
75	80
76	80
77	80
78	80
79	80
80	80
81	80
82	80
83	80
84	80
85	80
86	80
87	80
88	80
89	80
90	80
91	80
92	80
17	81
18	81
19	81
20	81
21	81
22	81
23	81
24	81
25	81
26	81
27	81
28	81
29	81
30	81
31	81
32	81
33	81
34	81
35	81
36	81
37	81
38	81
39	81
40	81
41	81
42	81
43	81
44	81
45	81
46	81
47	81
48	81
49	81
50	81
51	81
52	81
53	81
54	81
55	81
56	81
57	81
58	81
59	81
60	81
61	81
62	81
63	81
64	81
65	81
66	81
67	81
68	81
69	81
70	81
71	81
72	81
73	81
74	81
75	81
76	81
77	81
78	81
79	81
80	81
81	81
82	81
83	81
84	81
85	81
86	81
87	81
88	81
89	81
90	81
91	81
92	81
18	82
19	82
20	82
21	82
22	82
23	82
24	82
25	82
26	82
27	82
28	82
29	82
30	82
31	82
32	82
33	82
34	82
35	82
36	82
37	82
38	82
39	82
40	82
41	82
42	82
43	82
44	82
45	82
46	82
47	82
48	82
49	82
50	82
51	82
52	82
53	82
54	82
55	82
56	82
57	82
58	82
59	82
60	82
61	82
62	82
63	82
64	82
65	82
66	82
67	82
68	82
69	82
70	82
71	82
72	82
73	82
74	82
75	82
76	82
77	82
78	82
79	82
80	82
81	82
82	82
83	82
84	82
85	82
86	82
87	82
88	82
89	82
90	82
91	82
19	83
20	83
21	83
22	83
23	83
24	83
25	83
26	83
27	83
28	83
29	83
30	83
31	83
32	83
33	83
34	83
35	83
36	83
37	83
38	83
39	83
40	83
41	83
42	83
43	83
44	83
45	83
46	83
47	83
48	83
49	83
50	83
51	83
52	83
53	83
54	83
55	83
56	83
57	83
58	83
59	83
60	83
61	83
62	83
63	83
64	83
65	83
66	83
67	83
68	83
69	83
70	83
71	83
72	83
73	83
74	83
75	83
76	83
77	83
78	83
79	83
80	83
81	83
82	83
83	83
84	83
85	83
86	83
87	83
88	83
89	83
20	84
21	84
22	84
23	84
24	84
25	84
26	84
27	84
28	84
29	84
30	84
31	84
32	84
33	84
34	84
35	84
36	84
37	84
38	84
39	84
40	84
41	84
42	84
43	84
44	84
45	84
46	84
47	84
48	84
49	84
50	84
51	84
52	84
53	84
54	84
55	84
56	84
57	84
58	84
59	84
60	84
61	84
62	84
63	84
64	84
65	84
66	84
67	84
68	84
69	84
70	84
71	84
72	84
73	84
74	84
75	84
76	84
77	84
78	84
79	84
80	84
81	84
82	84
83	84
84	84
85	84
86	84
87	84
21	85
22	85
23	85
24	85
25	85
26	85
27	85
28	85
29	85
30	85
31	85
32	85
33	85
34	85
35	85
36	85
37	85
38	85
39	85
40	85
41	85
42	85
43	85
44	85
45	85
46	85
47	85
48	85
49	85
50	85
51	85
52	85
53	85
54	85
55	85
56	85
57	85
58	85
59	85
60	85
61	85
62	85
63	85
64	85
65	85
66	85
67	85
68	85
69	85
70	85
71	85
72	85
73	85
74	85
75	85
76	85
77	85
78	85
79	85
80	85
81	85
82	85
83	85
84	85
85	85
22	86
23	86
24	86
25	86
26	86
27	86
28	86
29	86
30	86
31	86
32	86
33	86
34	86
35	86
36	86
37	86
38	86
39	86
40	86
41	86
42	86
43	86
44	86
45	86
46	86
47	86
48	86
49	86
50	86
51	86
52	86
53	86
54	86
55	86
56	86
57	86
58	86
59	86
60	86
61	86
62	86
63	86
64	86
65	86
66	86
67	86
68	86
69	86
70	86
71	86
72	86
73	86
74	86
75	86
76	86
77	86
78	86
79	86
80	86
81	86
82	86
83	86
84	86
24	87
25	87
26	87
27	87
28	87
29	87
30	87
31	87
32	87
33	87
34	87
35	87
36	87
37	87
38	87
39	87
40	87
41	87
42	87
43	87
44	87
45	87
46	87
47	87
48	87
49	87
50	87
51	87
52	87
53	87
54	87
55	87
56	87
57	87
58	87
59	87
60	87
61	87
62	87
63	87
64	87
65	87
66	87
67	87
68	87
69	87
70	87
71	87
72	87
73	87
74	87
75	87
76	87
77	87
78	87
79	87
80	87
81	87
82	87
25	88
26	88
27	88
28	88
29	88
30	88
31	88
32	88
33	88
34	88
35	88
36	88
37	88
38	88
39	88
40	88
41	88
42	88
43	88
44	88
45	88
46	88
47	88
48	88
49	88
50	88
51	88
52	88
53	88
54	88
55	88
56	88
57	88
58	88
59	88
60	88
61	88
62	88
63	88
64	88
65	88
66	88
67	88
68	88
69	88
70	88
71	88
72	88
73	88
74	88
75	88
76	88
77	88
78	88
79	88
80	88
29	89
30	89
31	89
32	89
33	89
34	89
35	89
36	89
37	89
38	89
39	89
40	89
41	89
42	89
43	89
44	89
45	89
46	89
47	89
48	89
49	89
50	89
51	89
52	89
53	89
54	89
55	89
56	89
57	89
58	89
59	89
60	89
61	89
62	89
63	89
64	89
65	89
66	89
67	89
68	89
69	89
70	89
71	89
72	89
73	89
74	89
75	89
76	89
77	89
78	89
32	90
33	90
34	90
35	90
36	90
37	90
38	90
39	90
40	90
41	90
42	90
43	90
44	90
45	90
46	90
47	90
48	90
49	90
50	90
51	90
52	90
53	90
54	90
55	90
56	90
57	90
58	90
59	90
60	90
61	90
62	90
63	90
64	90
65	90
66	90
67	90
68	90
69	90
70	90
71	90
72	90
73	90
74	90
75	90
76	90
77	90
33	91
34	91
35	91
36	91
37	91
38	91
39	91
40	91
41	91
42	91
43	91
44	91
45	91
46	91
47	91
48	91
49	91
50	91
51	91
52	91
53	91
54	91
55	91
56	91
57	91
58	91
59	91
60	91
61	91
62	91
63	91
64	91
65	91
66	91
67	91
68	91
69	91
70	91
71	91
72	91
73	91
74	91
75	91
76	91
34	92
35	92
36	92
37	92
38	92
39	92
40	92
41	92
42	92
43	92
44	92
45	92
46	92
47	92
48	92
49	92
50	92
51	92
52	92
53	92
54	92
55	92
56	92
57	92
58	92
59	92
60	92
61	92
62	92
63	92
64	92
65	92
66	92
67	92
68	92
69	92
70	92
71	92
72	92
73	92
74	92
36	93
37	93
38	93
39	93
40	93
41	93
42	93
43	93
44	93
45	93
46	93
47	93
48	93
49	93
50	93
51	93
52	93
53	93
54	93
55	93
56	93
57	93
58	93
59	93
60	93
61	93
62	93
63	93
64	93
65	93
66	93
67	93
68	93
69	93
70	93
71	93
72	93
73	93
36	94
37	94
38	94
39	94
40	94
41	94
42	94
43	94
44	94
45	94
46	94
47	94
48	94
49	94
50	94
51	94
52	94
53	94
54	94
55	94
56	94
57	94
58	94
59	94
60	94
61	94
62	94
63	94
64	94
65	94
66	94
67	94
68	94
69	94
70	94
71	94
72	94
73	94
36	95
37	95
38	95
39	95
40	95
41	95
42	95
43	95
44	95
45	95
46	95
47	95
48	95
49	95
50	95
51	95
52	95
53	95
54	95
55	95
56	95
57	95
58	95
59	95
60	95
61	95
62	95
63	95
64	95
65	95
66	95
67	95
68	95
69	95
70	95
71	95
72	95
73	95
36	96
37	96
38	96
39	96
40	96
41	96
42	96
43	96
44	96
45	96
46	96
47	96
48	96
49	96
50	96
51	96
52	96
53	96
54	96
55	96
56	96
57	96
58	96
59	96
60	96
61	96
62	96
63	96
64	96
65	96
66	96
67	96
68	96
69	96
70	96
71	96
72	96
36	97
37	97
38	97
39	97
40	97
41	97
42	97
43	97
44	97
45	97
46	97
47	97
48	97
49	97
50	97
51	97
52	97
53	97
54	97
55	97
56	97
57	97
58	97
59	97
60	97
61	97
62	97
63	97
64	97
65	97
66	97
67	97
68	97
69	97
70	97
71	97
72	97
36	98
37	98
38	98
39	98
40	98
41	98
42	98
43	98
44	98
45	98
46	98
47	98
48	98
49	98
50	98
51	98
52	98
53	98
54	98
55	98
56	98
57	98
58	98
59	98
60	98
61	98
62	98
63	98
64	98
65	98
66	98
67	98
68	98
69	98
70	98
71	98
72	98
36	99
37	99
38	99
39	99
40	99
41	99
42	99
43	99
44	99
45	99
46	99
47	99
48	99
49	99
50	99
51	99
52	99
53	99
54	99
55	99
56	99
57	99
58	99
59	99
60	99
61	99
62	99
63	99
64	99
65	99
66	99
67	99
68	99
69	99
70	99
71	99
36	100
37	100
38	100
39	100
40	100
41	100
42	100
43	100
44	100
45	100
46	100
47	100
48	100
49	100
50	100
51	100
52	100
53	100
54	100
55	100
56	100
57	100
58	100
59	100
60	100
61	100
62	100
63	100
64	100
65	100
66	100
67	100
68	100
69	100
70	100
71	100
36	101
37	101
38	101
39	101
40	101
41	101
42	101
43	101
44	101
45	101
46	101
47	101
48	101
49	101
50	101
51	101
52	101
53	101
54	101
55	101
56	101
57	101
58	101
59	101
60	101
61	101
62	101
63	101
64	101
65	101
66	101
67	101
68	101
69	101
70	101
71	101
36	102
37	102
38	102
39	102
40	102
41	102
42	102
43	102
44	102
45	102
46	102
47	102
48	102
49	102
50	102
51	102
52	102
53	102
54	102
55	102
56	102
57	102
58	102
59	102
60	102
61	102
62	102
63	102
64	102
65	102
66	102
67	102
68	102
69	102
70	102
71	102
36	103
37	103
38	103
39	103
40	103
41	103
42	103
43	103
44	103
45	103
46	103
47	103
48	103
49	103
50	103
51	103
52	103
53	103
54	103
55	103
56	103
57	103
58	103
59	103
60	103
61	103
62	103
63	103
64	103
65	103
66	103
67	103
68	103
69	103
70	103
71	103
36	104
37	104
38	104
39	104
40	104
41	104
42	104
43	104
44	104
45	104
46	104
47	104
48	104
49	104
50	104
51	104
52	104
53	104
54	104
55	104
56	104
57	104
58	104
59	104
60	104
61	104
62	104
63	104
64	104
65	104
66	104
67	104
68	104
69	104
70	104
71	104
36	105
37	105
38	105
39	105
40	105
41	105
42	105
43	105
44	105
45	105
46	105
47	105
48	105
49	105
50	105
51	105
52	105
53	105
54	105
55	105
56	105
57	105
58	105
59	105
60	105
61	105
62	105
63	105
64	105
65	105
66	105
67	105
68	105
69	105
70	105
71	105
36	106
37	106
38	106
39	106
40	106
41	106
42	106
43	106
44	106
45	106
46	106
47	106
48	106
49	106
50	106
51	106
52	106
53	106
54	106
55	106
56	106
57	106
58	106
59	106
60	106
61	106
62	106
63	106
64	106
65	106
66	106
67	106
68	106
69	106
70	106
71	106
36	107
37	107
38	107
39	107
40	107
41	107
42	107
43	107
44	107
45	107
46	107
47	107
48	107
49	107
50	107
51	107
52	107
53	107
54	107
55	107
56	107
57	107
58	107
59	107
60	107
61	107
62	107
63	107
64	107
65	107
66	107
67	107
68	107
69	107
70	107
71	107
36	108
37	108
38	108
39	108
40	108
41	108
42	108
43	108
44	108
45	108
46	108
47	108
48	108
49	108
50	108
51	108
52	108
53	108
54	108
55	108
56	108
57	108
58	108
59	108
60	108
61	108
62	108
63	108
64	108
65	108
66	108
67	108
68	108
69	108
70	108
71	108
37	109
38	109
39	109
40	109
41	109
42	109
43	109
44	109
45	109
46	109
47	109
48	109
49	109
50	109
51	109
52	109
53	109
54	109
55	109
56	109
57	109
58	109
59	109
60	109
61	109
62	109
63	109
64	109
65	109
66	109
67	109
68	109
69	109
70	109
71	109
37	110
38	110
39	110
40	110
41	110
42	110
43	110
44	110
45	110
46	110
47	110
48	110
49	110
50	110
51	110
52	110
53	110
54	110
55	110
56	110
57	110
58	110
59	110
60	110
61	110
62	110
63	110
64	110
65	110
66	110
67	110
68	110
69	110
70	110
71	110
37	111
38	111
39	111
40	111
41	111
42	111
43	111
44	111
45	111
46	111
47	111
48	111
49	111
50	111
51	111
52	111
53	111
54	111
55	111
56	111
57	111
58	111
59	111
60	111
61	111
62	111
63	111
64	111
65	111
66	111
67	111
68	111
69	111
70	111
71	111
38	112
39	112
40	112
41	112
42	112
43	112
44	112
45	112
46	112
47	112
48	112
49	112
50	112
51	112
52	112
53	112
54	112
55	112
56	112
57	112
58	112
59	112
60	112
61	112
62	112
63	112
64	112
65	112
66	112
67	112
68	112
69	112
70	112
71	112
38	113
39	113
40	113
41	113
42	113
43	113
44	113
45	113
46	113
47	113
48	113
49	113
50	113
51	113
52	113
53	113
54	113
55	113
56	113
57	113
58	113
59	113
60	113
61	113
62	113
63	113
64	113
65	113
66	113
67	113
68	113
69	113
39	114
40	114
41	114
42	114
43	114
44	114
45	114
46	114
47	114
48	114
49	114
50	114
51	114
52	114
53	114
54	114
55	114
56	114
57	114
58	114
59	114
60	114
61	114
62	114
63	114
64	114
65	114
66	114
67	114
68	114
39	115
40	115
41	115
42	115
43	115
44	115
45	115
46	115
47	115
48	115
49	115
50	115
51	115
52	115
53	115
54	115
55	115
56	115
57	115
58	115
59	115
60	115
61	115
62	115
63	115
64	115
65	115
66	115
67	115
39	116
40	116
41	116
42	116
43	116
44	116
45	116
46	116
47	116
48	116
49	116
50	116
51	116
52	116
53	116
54	116
55	116
56	116
57	116
58	116
59	116
60	116
61	116
62	116
63	116
64	116
65	116
66	116
40	117
41	117
42	117
43	117
44	117
45	117
46	117
47	117
48	117
49	117
50	117
51	117
52	117
53	117
54	117
55	117
56	117
57	117
58	117
59	117
60	117
61	117
62	117
63	117
64	117
65	117
41	118
42	118
43	118
44	118
45	118
46	118
47	118
48	118
49	118
50	118
51	118
52	118
53	118
54	118
55	118
56	118
57	118
58	118
59	118
60	118
61	118
62	118
63	118
64	118
41	119
42	119
43	119
44	119
45	119
46	119
47	119
48	119
49	119
50	119
51	119
52	119
53	119
54	119
55	119
56	119
57	119
58	119
59	119
60	119
61	119
62	119
63	119
64	119
42	120
43	120
44	120
45	120
46	120
47	120
48	120
49	120
50	120
51	120
52	120
53	120
54	120
55	120
56	120
57	120
58	120
59	120
60	120
61	120
62	120
63	120
42	121
43	121
44	121
45	121
46	121
47	121
48	121
49	121
50	121
51	121
52	121
53	121
54	121
55	121
56	121
57	121
58	121
59	121
60	121
61	121
62	121
63	121
43	122
44	122
45	122
46	122
47	122
48	122
49	122
50	122
51	122
52	122
53	122
54	122
55	122
56	122
57	122
58	122
59	122
60	122
61	122
62	122
63	122
44	123
45	123
46	123
47	123
48	123
49	123
50	123
51	123
52	123
53	123
54	123
55	123
56	123
57	123
58	123
59	123
60	123
61	123
62	123
63	123
44	124
45	124
46	124
47	124
48	124
49	124
50	124
51	124
52	124
53	124
54	124
55	124
56	124
57	124
58	124
59	124
60	124
61	124
62	124
63	124
45	125
46	125
47	125
48	125
49	125
50	125
51	125
52	125
53	125
54	125
55	125
56	125
57	125
58	125
59	125
60	125
61	125
62	125
63	125
45	126
46	126
47	126
48	126
49	126
50	126
51	126
52	126
53	126
54	126
55	126
56	126
57	126
58	126
59	126
60	126
61	126
62	126
63	126
45	127
46	127
47	127
48	127
49	127
50	127
51	127
52	127
53	127
54	127
55	127
56	127
57	127
58	127
59	127
60	127
61	127
62	127
63	127
45	128
46	128
47	128
48	128
49	128
50	128
51	128
52	128
53	128
54	128
55	128
56	128
57	128
58	128
59	128
60	128
61	128
62	128
63	128
64	128
45	129
46	129
47	129
48	129
49	129
50	129
51	129
52	129
53	129
54	129
55	129
56	129
57	129
58	129
59	129
60	129
61	129
62	129
63	129
64	129
44	130
45	130
46	130
47	130
48	130
49	130
50	130
51	130
52	130
53	130
54	130
55	130
56	130
57	130
58	130
59	130
60	130
61	130
62	130
63	130
64	130
44	131
45	131
46	131
47	131
48	131
49	131
50	131
51	131
52	131
53	131
54	131
55	131
56	131
57	131
58	131
59	131
60	131
61	131
62	131
63	131
64	131
65	131
43	132
44	132
45	132
46	132
47	132
48	132
49	132
50	132
51	132
52	132
53	132
54	132
55	132
56	132
57	132
58	132
59	132
60	132
61	132
62	132
63	132
64	132
65	132
42	133
43	133
44	133
45	133
46	133
47	133
48	133
49	133
50	133
51	133
52	133
53	133
54	133
55	133
56	133
57	133
58	133
59	133
60	133
61	133
62	133
63	133
64	133
65	133
66	133
42	134
43	134
44	134
45	134
46	134
47	134
48	134
49	134
50	134
51	134
52	134
53	134
54	134
55	134
56	134
57	134
58	134
59	134
60	134
61	134
62	134
63	134
64	134
65	134
66	134
41	135
42	135
43	135
44	135
45	135
46	135
47	135
48	135
49	135
50	135
51	135
52	135
53	135
54	135
55	135
56	135
57	135
58	135
59	135
60	135
61	135
62	135
63	135
64	135
65	135
66	135
67	135
41	136
42	136
43	136
44	136
45	136
46	136
47	136
48	136
49	136
50	136
51	136
52	136
53	136
54	136
55	136
56	136
57	136
58	136
59	136
60	136
61	136
62	136
63	136
64	136
65	136
66	136
67	136
68	136
41	137
42	137
43	137
44	137
45	137
46	137
47	137
48	137
49	137
50	137
51	137
52	137
53	137
54	137
55	137
56	137
57	137
58	137
59	137
60	137
61	137
62	137
63	137
64	137
65	137
66	137
67	137
68	137
41	138
42	138
43	138
44	138
45	138
46	138
47	138
48	138
49	138
50	138
51	138
52	138
53	138
54	138
55	138
56	138
57	138
58	138
59	138
60	138
61	138
62	138
63	138
64	138
65	138
66	138
67	138
68	138
41	139
42	139
43	139
44	139
45	139
46	139
47	139
48	139
49	139
50	139
51	139
52	139
53	139
54	139
55	139
56	139
57	139
58	139
59	139
60	139
61	139
62	139
63	139
64	139
65	139
66	139
67	139
68	139
41	140
42	140
43	140
44	140
45	140
46	140
47	140
48	140
49	140
50	140
51	140
52	140
53	140
54	140
55	140
56	140
57	140
58	140
59	140
60	140
61	140
62	140
63	140
64	140
65	140
66	140
67	140
68	140
41	141
42	141
43	141
44	141
45	141
46	141
47	141
48	141
49	141
50	141
51	141
52	141
53	141
54	141
55	141
56	141
57	141
58	141
59	141
60	141
61	141
62	141
63	141
64	141
65	141
66	141
67	141
68	141
41	142
42	142
43	142
44	142
45	142
46	142
47	142
48	142
49	142
50	142
51	142
52	142
53	142
54	142
55	142
56	142
57	142
58	142
59	142
60	142
61	142
62	142
63	142
64	142
65	142
66	142
67	142
68	142
41	143
42	143
43	143
44	143
45	143
46	143
47	143
48	143
49	143
50	143
51	143
52	143
53	143
54	143
55	143
56	143
57	143
58	143
59	143
60	143
61	143
62	143
63	143
64	143
65	143
66	143
67	143
41	144
42	144
43	144
44	144
45	144
46	144
47	144
48	144
49	144
50	144
51	144
52	144
53	144
54	144
55	144
56	144
57	144
58	144
59	144
60	144
61	144
62	144
63	144
64	144
65	144
66	144
67	144
41	145
42	145
43	145
44	145
45	145
46	145
47	145
48	145
49	145
50	145
51	145
52	145
53	145
54	145
55	145
56	145
57	145
58	145
59	145
60	145
61	145
62	145
63	145
64	145
65	145
66	145
41	146
42	146
43	146
44	146
45	146
46	146
47	146
48	146
49	146
50	146
51	146
52	146
53	146
54	146
55	146
56	146
57	146
58	146
59	146
60	146
61	146
62	146
63	146
64	146
65	146
42	147
43	147
44	147
45	147
46	147
47	147
48	147
49	147
50	147
51	147
52	147
53	147
54	147
55	147
56	147
57	147
58	147
59	147
60	147
61	147
62	147
63	147
64	147
42	148
43	148
44	148
45	148
46	148
47	148
48	148
49	148
50	148
51	148
52	148
53	148
54	148
55	148
56	148
57	148
58	148
59	148
60	148
61	148
62	148
63	148
64	148
44	149
45	149
46	149
47	149
48	149
49	149
50	149
51	149
52	149
53	149
54	149
55	149
56	149
57	149
58	149
59	149
60	149
61	149
62	149
45	150
46	150
47	150
48	150
49	150
50	150
51	150
52	150
53	150
54	150
55	150
56	150
57	150
58	150
59	150
60	150
61	150
62	150
46	151
47	151
48	151
49	151
50	151
51	151
52	151
53	151
54	151
55	151
56	151
57	151
58	151
59	151
60	151
61	151
62	151
46	152
47	152
48	152
49	152
50	152
51	152
52	152
53	152
54	152
55	152
56	152
57	152
58	152
59	152
60	152
61	152
62	152
47	153
48	153
49	153
50	153
51	153
52	153
53	153
54	153
55	153
56	153
57	153
58	153
59	153
60	153
61	153
62	153
48	154
49	154
50	154
51	154
52	154
53	154
54	154
55	154
56	154
57	154
58	154
59	154
60	154
61	154
62	154
48	155
49	155
50	155
51	155
52	155
53	155
54	155
55	155
56	155
57	155
58	155
59	155
60	155
61	155
62	155
49	156
50	156
51	156
52	156
53	156
54	156
55	156
56	156
57	156
58	156
59	156
60	156
61	156
62	156
49	157
50	157
51	157
52	157
53	157
54	157
55	157
56	157
57	157
58	157
59	157
60	157
61	157
62	157
49	158
50	158
51	158
52	158
53	158
54	158
55	158
56	158
57	158
58	158
59	158
60	158
61	158
62	158
49	159
50	159
51	159
52	159
53	159
54	159
55	159
56	159
57	159
58	159
59	159
60	159
61	159
62	159
49	160
50	160
51	160
52	160
53	160
54	160
55	160
56	160
57	160
58	160
59	160
60	160
61	160
62	160
48	161
49	161
50	161
51	161
52	161
53	161
54	161
55	161
56	161
57	161
58	161
59	161
60	161
61	161
62	161
63	161
48	162
49	162
50	162
51	162
52	162
53	162
54	162
55	162
56	162
57	162
58	162
59	162
60	162
61	162
62	162
63	162
64	162
47	163
48	163
49	163
50	163
51	163
52	163
53	163
54	163
55	163
56	163
57	163
58	163
59	163
60	163
61	163
62	163
63	163
64	163
47	164
48	164
49	164
50	164
51	164
52	164
53	164
54	164
55	164
56	164
57	164
58	164
59	164
60	164
61	164
62	164
63	164
64	164
47	165
48	165
49	165
50	165
51	165
52	165
53	165
54	165
55	165
56	165
57	165
58	165
59	165
60	165
61	165
62	165
63	165
64	165
65	165
46	166
47	166
48	166
49	166
50	166
51	166
52	166
53	166
54	166
55	166
56	166
57	166
58	166
59	166
60	166
61	166
62	166
63	166
64	166
65	166
46	167
47	167
48	167
49	167
50	167
51	167
52	167
53	167
54	167
55	167
56	167
57	167
58	167
59	167
60	167
61	167
62	167
63	167
64	167
65	167
45	168
46	168
47	168
48	168
49	168
50	168
51	168
52	168
53	168
54	168
55	168
56	168
57	168
58	168
59	168
60	168
61	168
62	168
63	168
64	168
65	168
45	169
46	169
47	169
48	169
49	169
50	169
51	169
52	169
53	169
54	169
55	169
56	169
57	169
58	169
59	169
60	169
61	169
62	169
63	169
64	169
65	169
45	170
46	170
47	170
48	170
49	170
50	170
51	170
52	170
53	170
54	170
55	170
56	170
57	170
58	170
59	170
60	170
61	170
62	170
63	170
64	170
65	170
45	171
46	171
47	171
48	171
49	171
50	171
51	171
52	171
53	171
54	171
55	171
56	171
57	171
58	171
59	171
60	171
61	171
62	171
63	171
64	171
65	171
45	172
46	172
47	172
48	172
49	172
50	172
51	172
52	172
53	172
54	172
55	172
56	172
57	172
58	172
59	172
60	172
61	172
62	172
63	172
64	172
65	172
45	173
46	173
47	173
48	173
49	173
50	173
51	173
52	173
53	173
54	173
55	173
56	173
57	173
58	173
59	173
60	173
61	173
62	173
63	173
64	173
65	173
45	174
46	174
47	174
48	174
49	174
50	174
51	174
52	174
53	174
54	174
55	174
56	174
57	174
58	174
59	174
60	174
61	174
62	174
63	174
64	174
45	175
46	175
47	175
48	175
49	175
50	175
51	175
52	175
53	175
54	175
55	175
56	175
57	175
58	175
59	175
60	175
61	175
62	175
63	175
64	175
46	176
47	176
48	176
49	176
50	176
51	176
52	176
53	176
54	176
55	176
56	176
57	176
58	176
59	176
60	176
61	176
62	176
63	176
46	177
47	177
48	177
49	177
50	177
51	177
52	177
53	177
54	177
55	177
56	177
57	177
58	177
59	177
60	177
61	177
62	177
47	178
48	178
49	178
50	178
51	178
52	178
53	178
54	178
55	178
56	178
57	178
58	178
59	178
60	178
61	178
62	178
48	179
49	179
50	179
51	179
52	179
53	179
54	179
55	179
56	179
57	179
58	179
59	179
60	179
61	179
49	180
50	180
51	180
52	180
53	180
54	180
55	180
56	180
57	180
58	180
59	180
60	180
61	180
49	181
50	181
51	181
52	181
53	181
54	181
55	181
56	181
57	181
58	181
59	181
51	182
52	182
53	182
54	182
55	182
56	182
57	182
58	182
59	182
52	183
53	183
54	183
55	183
56	183
57	183
58	183
52	184
53	184
54	184
55	184
56	184
57	184
53	185
54	185
55	185