-107 -144
-116 -136
-123 -127
-129 -116
-129 -105
-114 -94
-122 -96
-102 -95
-93 -101
-86 -110
-84 -123
-81 -132
-73 -137
-59 -137
-49 -134
-43 -124
-44 -103
-44 -92
-59 -79
-76 -66
-93 -60
-102 -60
-109 -60
-117 -62
-138 -70
-149 -78
-151 -88
-156 -110
-156 -116
-153 -132
-147 -143
-139 -150
-131 -152
-123 -155
-117 -153
-133.5 -145
-155.5 -124.5
-154.5 -99.5
-127.5 -67
-143 -95
-133.5 -131.5
-127.5 -142
-133.5 -75.5
-129.5 -88
-117.5 -83
-109.5 -71.5
-88 -84
-84 -72.5
-75 -93
-64 -108
-65.5 -122.5
-145.5 -125.5
-143 -109.5
-142 -139
-53 -114
-74 -109.5
-57.5 -96.5
-71 -80
-102.5 -84.5
-92 -69.5
-53 -123
-42.5 -113
-52.5 -83
-67 -70.5
