31 87
42 90.5
14 93
60 100
95 121
99 91.75
103.75 79.25
120.25 43.5
117 25
120 19
54 53
54 56
60 53
77 56
53 65
52 57
28 89
51 92
9 98
20.75 99.5
31 125
57 130
71 128
83 125
53 97
86 78
110 108
106 115
111 110
112.5 95
122 80
123 60
128 49
115.25 49.25
100 45
92 54
108 37
127 22
135 41
135 39
50 58
50 68
51 68
52 68
55 65
55 63
53 53
58 52
58.5 56.75
59 61
71.75 58.25
77 64
75 62
61 62
59 63
45 78
48 84
51 69
59 98
53 98
51 97
48 91
43.5 94.5
24 88
36 80
36 76
22 88
13 96
23.25 97.25
12 98
8 100
10 101
37.5 100
30.5 104
7 104
6 102
5 106
14 114
22 123
28 124
30 124
32 127
36.25 111.75
32.5 109.25
35 108.5
41 127
42 128
51 131
55 131
61 133
77 131
56 130
75 129
73.75 111.25
70 107.75
57.25 108
50 113.5
58 99
61 99
64 103
68 101
79 67
81 58
98.75 58
96.5 77.75
87 80
86 81
85 90
79 97
84.25 99
91 125
78 131
94 123
95 123
96 119
94.25 91
104 88.25
113 108
103 116
99 120
114 104
117 103
117 101
125 83
125 77
123 74
122 76
102.25 74.25
114 59.25
124 57
125 59
126 66
126 53
138 42
133 42
106 41
105 47.75
115 50.25
114 55
97 51
93 52
87 55
83 56
91 51
93 49
97 49
103 43
122.75 37
115.75 39.75
114 29
110 38
118 23
118 21
120 24
126 24
126 23
134 28
127 32.75
130.25 35.75
138 38
138 36
142 33
139 30
50 56
51 56
53 56
50 57
48 60
47 59
45 60
44 61
42 63
39 71
40 71
48 69
52 65
48.5 63.5
44 63
53.75 61.5
54 64
55 66
55 64
59 64
56 62
57 62
61 61
56 55
54 55
53.75 59.5
55 53
57 55
57 54
59 52
62 53
65 53
61 54
66 55
67 55
68 54
67 53
70 53
71 52
73 53
76 53
76 55
75 54
75 55
74 54
75 58
77 59
78 57
81 56
83 71
75 64
74 62
74 64
69 62
73 61
68 61
69.75 56.25
62 61
64 62
63 62
62 62
39 72
40 74
40 75
43.25 79.25
41.5 78.75
42.25 77.75
41 73
48 72
48 74
50 72
84 73
49 74
48 75
47 75
47 77
47 82
81 93
84 89
84 92
79 95
52 94
52 95
51 95
47 89
46 89
47 87
47 84
41.5 81.25
43.25 82.25
45 84
40.5 94
35 90
33.25 91.75
28.5 93.75
33 86
33 85
35 85
38.5 84.5
38 82
38 81
38 79
39 74
37 78
36 78
35 82
35 83
24 90
23 90
28 88
27 88
21 89
20 91
16 91
15 92
14 92
15 94
17 93
18 93
24.75 95
14 94
14 95
12 95
8 101
6 103
6 104
9.5 104.25
10.75 100.75
9 99
10 98
11 96
20.75 95.75
25.25 97.5
44.5 98.5
41.25 99.75
38 100.25
31.75 103
17.75 103
16.25 107
21 108.5
45.25 113.5
29.75 115.25
17 116
15 115
15 116
13 115
12 115
11 114
11.75 105.5
6 110
9 111
8 111
10 112
16 119
17 118
18 119
22 120
20 120
19 121
18 120
24 122
26 123
25 124
26 124
28 127
27 125
27 124
29 124
37 128
41 128
38 129
40 129
43 130
44 130
45 130
44 129
45 127
44 128
39 127
37 127
30 125
35 126
37 125
42.5 122.75
48 129
51 129
62 128
64 129
62 129
58 130
51 130
46 131
56 132
57 132
47 133
58 132
65 132
58 131
64 131
66 129
65 131
66 131
70 132
72 132
75 132
71 131
74 131
82 129
78 129
76 129
68 128
73 127
74 127
78 128
84 128
83 126
71.25 115.5
75.5 106.5
69 101
67 102
63 103
70 121
57.25 123.5
57.25 117
48.5 109
47.25 115
55 103.75
59.25 106.75
62 102
63 102
69 100
61 100
60 99
59 99
51 96
53 96
56 98
70 99
74 98
77 99
72 100
73 101
78 98
79 98
78 97
80 97
86 56
85.25 60.25
85.25 64
90.75 67.25
90.75 60.25
89 57
91 57
97 64.25
100.5 59.75
103.75 59.5
105.25 56.25
104.75 68
102 65.25
97 67
93.5 68.75
92 72.25
101.5 71.75
102 75.75
101.5 82.75
96.5 91.25
95.5 82.5
95.25 99
88.25 97
86 79
86 74
87.75 69.25
85 77
86 87
86 88
86 97.25
84.75 105.75
84.75 107.25
88 104.5
93 107.25
91.75 108.25
90.75 114
89 122
86 125
87 125
87 126
87 127
89 126
89 123
91 123
92 123
97 120
96 121
97 121
93 123
99 119
101 119
98 118
100 118
105 116
105 115
103 115
101 118
93.25 110
98.25 102.75
104 114
104.5 104.25
109.25 89.5
114.75 86.25
117.25 86
116 100
114.25 94.75
111.75 97.75
110.25 99.75
108 108
109 109
107 111
107 112
112 108
110 105
115 105
115 103
118 97
119 97
119 99
119 101
120 98
120 95
121 95
119 94
123 90
123 88
122 92
121 91
118.5 84.5
121 82
122 84
122 81
125 78
126 71
126 70
124 68
124 73
123 76
123 81
122 79
122 73
113.75 77.25
108.5 80.5
121 71
121 70
122 71
123 68
123 65
123 64
118.25 63.5
111 59
105.75 56.25
107.25 58.25
115.258 56.215
117.75 57
124 58
124 62
123 63
125 68
126 67
126 60
125 57
126 57
130 54
127 56
127 54
128 52
131 51
131 50
134 45
136 44
138 43
137 42
139 41
136 41
129.5 41.25
134 42
132 44
124 44.25
120.75 40.5
124.75 40.25
114 41
119.855 41.8961
118 43.5
119.5 44.5
112.25 46
113.25 49.25
121 45.75
122 50.5
127 52
123 54
123 55
119.5 54
104.75 55.25
98 54.75
108 54.25
93 51
94 52
94 53
93 54
91 54
90 55
88 54
86 55
87 54
90 53
90 52
91 52
99 47
98 47
95 48
94 48
103 44
103 40
104 42
105 41
107 39
105 40
107 40
106 42
109.5 48.5
107.25 43.5
109.75 43
108 39
114 35
113 35
120.738 33.5876
112 34
112 36
112 37
111 38
110 36
109 38
109 36
105 38
108 35
109 35
110 34
111 35
116 32
116 31
112 31
109 33
113 28
113 27
114 27
114 26
116 22
116 23
117 27
116 30
121 29.5
121.75 28.5
118 22
121 22
123 18
124 21
126 20
130 26
129 24
127 21
125 22
124.75 30
122.25 30.75
124.75 34.25
126.749 36.416
129.5 38.75
128.25 37.75
128.5 37.75
127.75 29
140 33
130 33.5
133.113 34.2947
137 37
141 37
142 36
142 35
142 34
142 31
140 30
139 28
136 28
130 24
131 25
131 23
136 27
47 57
46 58
45 59
47 58
48 58
48 57
49 56
50 55
51 54
51 55
52 56
51 57
51 58
49 57
49 58
48 59
49 59
50 59
51.75 59.25
51 61.25
49.25 61.75
47 60
47 61
46 61
46 60
46 59
44 60
45 61
43 61
45 62
41 63
42 62
43 62
43 63
43 64
42 64
41 64
40 65
41 65
40 66
41 66
42 66
43 66
42 65
43 65
44 65
45.5 66.25
47.25 66.75
50 67
52 67
50 66
51 66
51 65
48 64.75
45 64
45 63
44 64
44 62
46 63
46 62
51 62.25
53 57
54 57
55 57
56 57
56 63
55.5 59
53 64
54 65
52 66
53 66
54 66
54 67
56 65
56 64
57 64
57 63
58 63
58 64
60 63
61 63
58 62
59 62
62 60
60 62
60 61
58 59
59.25 58.75
60.5 57.5
61.25 56.75
62.75 57.75
63 55
62 55
61 55
60 54
58 54
59 55
58 55
57 56
56 56
55 56
55 55
52 55
52 54
53 55
53 54
59 54
56 54
55 54
54 54
56 53
57 53
57 52
58 53
60 52
61 52
59 53
61 53
62 54
63 53
62 52
63 51
64 51
65 51
66 51
66 52
65 52
64 52
63 52
64 53
63 54
64 54
63.75 56.25
65 54
66 54
67 54
66 53
69 55
67 56.25
67.25 56.25
70 55
71 55
69 54
70 54
71 53
69 53
68 53
67 52
67 51
68 52
69 52
70 52
72 52
72 53
71 54
72 54
73 54
73 52
74 52
74 53
75 53
76 54
77 53
80 54
79 54
78 54
77 54
79 55
80 55
81 54
81 55
81 57
80 56
80 57
79 56
79 57
78 56
78 55
77 55
74 55
73 55
72 55
71.5 57
74 61
73 62
74 63
75 63
76 62
75 61
74.25 58
77.75 59.75
78.5 59
80.25 61.25
81 59.25
78 63
77 62
77 63
76 63
79 64
79 65
80 65
81 65
81 66
80 66
80 67
79 66
78 66
78 65
77 65
78 64
73 63
76 64
76 65
77 66
72 63
72 62
71 62
68 62
70 62
71 61
72 61
70 61
72 60
71 60
72.75 57
68.5 57.75
70 60
69 60
69 61
68 60
67 60
66 60
65.75 57.5
64.5 57.75
65 60
64 60
63 60
64 61
65 61
66 61
67 61
67 62
66 62
65 62
63 61
41 67
42 67
43 67
44.75 70
43 69.75
42 68
41 68
43.25 72.25
42.5 73.75
42.25 75.5
42 78.5
45 81
45 80
43.75 76.25
43.5 71.25
45 77
45 79
46 82
46 81
46 80
46 79
46 78
46 77
46 76
46 75
45 75
45 74
45.5 68.75
46 74
46 73
49 69
48 70
47 71
49 70
50 70
50 69
51 67
53 67
53 68
80 68
81 67
82 70
81 68
81 69
51 70
48 71
49 71
49 72
50 71
49 73
48 73
48 76
48 77
47 76
47 74
47 73
47 72
47 78
47 79
47 80
47 81
49 89
49 90
49 92
49 93
50 91
50 90
50 89
50 92
50 93
51 91
51 93
80 94
79 94
52 93
50 94
80 95
81 94
81 95
81 96
80 96
79 96
77 96
55 96
54 96
54 95
53 95
53 94
51 94
50 95
49 95
52 96
49 94
48 95
48 94
47 90
48 92
48 90
49 91
48 89
49 88
48 88
48 87
47 83
48 85
48 86
47 88
47 85
46 85
46 84
46 83
45 82
45 83
41.5 83
44 84
44 85
45 85
46 86
47 86
47 91
47 92
46 87
45 86
38.75 95
40.75 87.25
39 81
37 83
37 84
38.25 88.25
38.5 89.25
36.25 94.5
36 84
35 84
34.5 94.75
35 81
36 83
36 82
37 82
37 81
36 81
35 80
35 79
35 78
36 79
37 80
37 77
38 78
37 79
38 80
39 80
39 79
39 78
38 77
40 76
39 77
39 76
39 75
39 73
40 73
41 72
40 72
41 70
40 70
41 69
40 67
40 68
40 69
39 70
38 70
39 69
38 69
39 68
38 71
38 72
37 72
38 73
37 73
37 74
38 74
38 75
38 76
37 75
37 76
36 77
31 88
30 89
30 88
29 87
30 87
32 87
33 87
34 86
34 85
34 84
34 83
33 84
32 85
32 86
31 86
29 88
26 88
27 87
26 87
25 87
24 87
23 87
25 88
21 88
23 88
27 89
29 89
26 89
25 89
23 89
22 89
18 90
17 91
18 91
18 92
19 91
19 90
19 89
20 89
20 90
21 90
24 89
28 90
27 90
21 91
19 92
16 92
17 92
19 93
20 92
30 94
17 94
16 93
16 94
15 96
14 96
13 94
15 93
12 94
13 95
12 96
10 96
5 103
6 101
7 102
6 105
5 104
5 105
4 105
4 106
4 107
5 107
5 108
6 108
6 107
7 107
6 106
7 103
7 108
8 108
9 108
10 108
8 107
8 102
9 101
9 100
7 101
7 100
8 99
10 100
10 99
10 97
11 97
11 98
11 99
13.25 101
12 99
12.75 99
12 97
14 97
30.75 96.5
43.75 97.5
44.5 97.25
33.5 99.75
29.25 98
22.5 101
18 100
34.5 103
39.75 103.25
44.5 103
44.75 103.25
47.25 105
41.75 103.5
41.5 108.5
37.75 105.5
29.5 108.5
27.25 108.25
27 107.25
26.75 102.25
16 104
19.25 104.5
22 105.5
24.25 106.75
16.25 110.75
22.5 113.5
15 114
29 114.75
26.25 114
30 111
23.25 110
38.5 108.5
43.25 108.75
44.75 110.25
46.25 110.25
47.75 111
40.75 111.75
37.25 112.25
32.75 114.75
18 117
19 117
37.25 117.5
40.5 115
43.5 117.75
34.25 117.75
20 118
19 118
17 117
16 116
17 115
16 115
14 116
16 117
15 117
14 117
14 115
13 114
12 114
10 114
12 113
13 113
14 113
14 112
13 112
12 112
12 111
11 110
11 111
11 112
11 113
10 110
9 110
10 109
9 109
8 109
7 109
6 109
5 109
7 110
7 111
8 110
10 111
10 113
9 112
9 113
8 112
15 118
16 118
17 119
19 120
19 119
20 119
18 118
21 119
21 120
22 119
31.75 118.75
25 121
24 121
23 120
22 121
26 122
27 122
28 122
27 123
25 122
25 123
24 123
23 122
22 122
23 121
21 121
20 121
21 122
20 122
21 123
22 124
23 123
28 123
25 125
24 124
24 125
23 124
26 125
28 125
26 126
27 126
29 127
28 126
29 126
29 125
30 127
31 127
30 128
31 128
33 129
32 128
33 128
34 128
34 127
33 127
31 126
30 126
32 126
33 126
34 126
34 125
35 129
35 130
36 129
39 130
38 130
37 130
36 130
40 130
41 130
39 131
40 131
43 132
41 131
42 131
42 130
43 131
44 132
45 132
46 133
48 133
46 132
47 132
48 132
48 131
47 131
45 131
44 131
45 129
46 130
47 130
48 130
47 129
46 129
46 128
45 128
43 129
42 129
41 129
40 128
39 129
37 129
34 129
35 128
36 128
38 128
39 128
38 127
36 127
36 126
35 127
35 125
36.75 121.25
37 126
38 126
40.5 120.5
38 125
39 126
40 127
43 128
42 127
43 127
43.5 120.5
49 129
49 130
50 130
52 130
53 130
53 129
54 129
54 130
61 128
61 129
65 129
62 130
60 130
59 130
55 130
63 130
64 130
65 130
63 131
62 131
61 131
60 131
59 131
57 131
56 131
54 131
53 131
52 131
50 131
49 131
49 132
50 132
51 132
55 132
54 132
53 132
52 132
49 133
50 133
51 133
52 133
53 133
54 133
55 133
56 133
57 133
58 133
59 133
60 133
62 133
63 133
64 133
65 133
66 133
61 132
60 132
59 132
62 132
63 132
64 132
66 132
66 130
67 130
68 130
70 130
69 131
68 131
67 131
67 132
68 132
67 133
68 133
69 133
70 133
69 132
70 131
71 130
72 131
71 132
73 132
74 132
73 131
75 131
76 131
75 130
74 130
73 130
72 130
76 130
79 130
80 130
81 130
81 129
80 129
79 129
79 128
77 129
78 130
77 130
74 129
73 129
72 129
69 130
67 129
70 129
71 129
74 128
70 128
69 128
67 128
66 128
72 128
73 128
75 128
76 128
77 127
78 127
79 127
77 128
80 128
81 128
80 127
81 127
81 121.25
77.5 124
74.5 123.75
74 119
79.75 120
80.25 119.25
80.75 118.75
76.75 114.5
80.5 111.25
79.25 108.75
80.75 103
74 101
73 102
76.25 106.5
75 118.75
72 102
71 102
71 101
70 102
69 102
68 102
70 103
67 103
68 103
69 103
69.5 106.5
71.25 113.25
67.5 112.25
67.25 120.25
66.5 110.25
64 121.75
65 120.25
66 116.75
63 115.25
63.5 115.75
61 117.25
61 123.5
59.25 121
52.75 123.5
52.25 123.25
48.25 123.25
49 118.25
54.5 116.25
55.25 119.75
57 113.25
59 111.75
54.25 112
53.25 107.75
50.25 110
51.75 106
52 102.75
57 101
60 102
64 101
61 102
64 102
60.75 108
65 103
66 103
65 102
66 102
65 101
63 101
64 100
63 100
62 100
62 101
61 101
60 101
59 101
58 101
48.25 100.25
56 100
57 100
58 100
59 100
55 99
54 99
54 98
50.75 98.75
52 97
54 97
55 98
55 97
56 97
57 98
56 99
57 99
62 99
63 99
58 98
57 97
69 99
71 99
72 99
73 99
67 100
66 100
65 100
68 100
70 100
66 101
67 101
70 101
72 101
71 100
73 100
74 99
74 100
75 100
75 101
76 100
77 100
79 99.5
75 99
78 99
76 99
76 98
75 98
76 97
77 98
77 97
78 96
82 67
82.25 63.5
82.5 61.75
83 67
83 68
82 68
82 69
83 69
83 70
83 72
83 73
84 75
84 74
84 70
84 69
85 76
85 78
85 79
86 76
85 75
86 75
85 74
86 73
85 73
85 72
84 72
84 71
85 71
85 70
86 72
86 62.75
87 63.25
87.25 67
89.5 65.75
92.25 65.75
90 64.25
92.75 61
93.25 64
95.25 61.5
100.75 62.5
104.5 61.25
102.5 66.25
101.25 68.75
99.25 65
93.75 65
97 70.5
97.75 69.5
100.25 71.5
105.75 70.75
105.5 71.75
103.5 77
99.75 75.25
98.5 73.5
94.25 79
91.25 75.75
96 74.25
94.75 71.5
87 77
86 77
87 78
87 79
87 81
87 82
87 83
87 85
95.5 85
90.75 84.25
92 79.75
99 79.75
101.75 80
101.75 82.75
106 81.5
105.5 86
104.25 83
98.25 84
98.25 84.5
100.25 87.25
101 89.5
103.25 90.75
104 87.25
104.25 93
101.25 92.75
98.75 93.75
98.75 94
97.75 89.25
91.75 89
97 87.75
92.75 87.25
87 86
89.25 87.25
89.5 92
88.5 93
86 86
85 89
85 88
85 86
85 85
86 85
87 84
86 84
86 83
86 82
86 80
85 80
85 81
85 83
85 84
84 88
85 87
84 87
85 82
83 89
84 90
83 90
84 91
82 91
82 92
83 91
83 92
83 93
83 94
82 93
82 94
85.25 104.25
84 111.25
82 114.5
86.25 119
86.5 117
86.25 113
87.5 100
90.5 107.25
91.25 94.5
91.75 99
92.25 96.75
93 120
92 120
90.75 115
89.75 118.25
92 121
93 121
94 121
93 122
92 122
91 121
91 122
90 123
87 123
90 122
90 121
86 123
87 124
85 124
84 124
84 125
85 125
86 124
85 126
84 126
82 126
82 127
83 127
82 128
83 128
83 129
84 129
85 128
84 127
85 127
86 126
88 126
86 127
88 127
90 126
88 125
89 125
90 125
92 125
90 124
89 124
88 124
91 124
92 124
93 124
94 124
95 118
96 118
97 118
97 119
95 119
94 119
94 120
95 120
96 120
94 122
95 122
96 122
97 122
98 121
98 120
98 117
99 117
99 118
98 119
100 119
102 118
103 118
100 117
104 117
103 117
102 117
101 117
99 116
100 116
102 116
104 116
104 115
105 114
105 113
104 113
103 113
103 114
102 115
101 116
101 115
100 115
96 115.25
99 115
101 114
102 114
102 113
100.25 105.25
99.25 105.75
97 109.5
94.5 106
94.5 101
94.75 94.5
99 99.25
100.5 102
101.25 98
103.25 106
101 109.75
104 112
105 112
105 111
104.75 97.25
104.5 95.75
107.25 88.25
106.75 91.5
106 100
107.25 96.25
110.5 93.5
112.5 88.5
108.5 85.5
113.25 86.25
113.25 92
113.75 85
114 101
114 102
114 103
113 103
113 104
112 105
113 105
114 105
114 106
114 107
113 106
113 107
111 107
112 106
111 106
111 105
110 106
109 106
110 107
108 107
107 109
108 109
109 107
108 110
107 110
106 110
106 111
106 112
106 113
107 113
106 114
107 114
108 113
108 112
108 111
109 110
109 111
109 112
109 113
110 112
110 111
111 111
110 110
112 110
112 109
111 109
110 109
109 108
111 108
112 107
114 108
115 100
117 98
117 99
118 100
117 100
116 101
115 101
115 102
116 102
115 104
115 106
116 104
116 103
117 102
118 101
118 98
118 99
118 102
118 103
119 100
120 99
119 98
120 97
121 96
120 96
119 96
119 95
120 94
121 94
122 94
122 93
123 91
122 91
123 89
122 89
122 90
121 92
121 93
120 93
120 92
120 91
119 93
116 89.5
116.25 90.75
121 90
121 89
122 88
122 87
121 88
121 87
121 86
121 84
122 86
122 85
123 84
123 85
123 86
123 87
124 88
124 87
124 86
124 85
125 84
124 84
124 83
124 82
125 82
125 81
125 80
125 79
125 76
125 75
125 74
124 72
125 73
124 74
124 75
124 78
124 77
124 76
123 73
123 75
123 77
123 78
123 79
123 80
124 79
124 80
124 81
123 82
123 83
122 82
122 83
121 83
122 78
117.25 78.5
121 79
121 80
121 81
115.75 83.25
113 81.75
110.75 83
107.5 82.25
109.25 77.75
110.25 81.75
112.25 79.75
115.5 81
114.5 75.75
112.5 76.25
110.5 75.25
106.75 76.25
107.5 75
107.75 72.5
110.5 74.5
112.5 73.5
116.25 73
121 73
119.5 73.25
116.75 76.25
122 77
122 75
122 74
122 72
123 72
122 70
122 69
122 67
122 68
121 69
121 72
114.75 69.5
114.5 71.5
110.25 71.5
109.25 69.25
106.5 68.5
109 68
111.75 67.75
119.25 68.5
112 65.5
108.5 63.75
108.25 66
106.25 63.75
106 61.5
106.75 63
111.25 62.5
112.25 62.75
114.75 61.5
116 65
122 66
114.75 66.75
122 65
122 64
122 63
122 62
123 62
124 61
124 63
124 64
124 65
124 66
123 66
123 67
123 69
123 70
123 71
124 71
124 70
124 69
124 67
125 69
125 70
125 71
125 72
126 69
126 68
125 67
125 66
126 65
126 64
125 65
125 64
125 63
125 62
126 63
126 62
130 53
131 52
132 51
130 52
129 52
129 53
129 54
128 55
128 54
128 53
127 55
127 53
127 51
128 51
129 51
130 51
128 50
127 50
127 49
129 50
129 49
129 48
130 49
131 49
130 50
132 50
133 50
132 49
133 49
134 48
134 47
133 48
133 47
134 46
135 45
135 44
136 45
137 43
136 43
135 43
136 42
135 42
134 43
134 44
133 44
133 46
133 45
132 45
133 43
126.042 42.2496
129 42.75
127.5 44.5
131 45
131 46
131 47
132 46
132 47
132 48
131 48
130 47
130 48
126 52
126 51
118.25 52.5
119.5 50.5
119.5 49
120 47.5
124.5 48
123.5 45.5
122.5 45
123 43.75
123.75 43.25
117.5 41.75
121 45
116.75 45.5
116.75 47.25
113.5 45.5
115.75 44
114.75 44
113 41.75
111 41
110 41.75
111.5 44.25
110.5 46
108.5 46.25
109 49.25
112.5 48.5
113.25 48.5
115 51.5
111.75 52
111 52.25
108.5 51.5
113.25 54.5
110.75 55.25
112.25 57
118.5 57.5
123 57
115.5 53.5
115.75 52.75
124 54
124 55
125 54
126 54
126 55
126 56
125 55
125 56
124 59
125 58
126 58
126 59
126 61
125 60
125 61
124 60
123 61
122 60
123 59
123 58
108.25 58
118 60.25
108.364 60.8112
122 61
101.25 59.25
97.5 60.75
94.25 59.5
93 55
93.25 57.25
96.5 56.25
100.5 58.5
100.75 54.75
95 54
103.75 53.25
99.5 52
95 53
93 53
94 54
92 55
91 55
92 53
91 53
89 53
90 54
89 54
89 55
89 56
90 56
91 56
92 56
90 57
90 58
89 58
88.25 60
88 58
87 58
88 57
87 57
86 57
86 58
85 58
84 58
83 59
83 58
82.25 60
82 58
83 57
84 57
85 57
84 56
82 57
82 56
82 55
82 54
83 55
83 54
84 55
84 54
85 54
85 55
85 56
87 56
88 56
88 55
86 54
96 52
98 50
97 50
96 50
96 51
95 51
95 52
95 50
94 51
92 52
92 51
92 50
93 50
94 50
95 49
97 48
96 49
96 48
94 49
95 47
96 47
96 46
97 47
97 46
98 46
98 48
98 49
99 48
99 46
98 45
99 45
100 43
101 42
102 42
102 43
101 43
101 44
100 44
101 45
100 46
100 47
99 49
101.75 50.75
102 48.25
101 46
102 45
102 44
104 44
103 45
102 46
107 52
105 51.75
107 49.75
105.75 46
105 44
105 43
104 43
103 42
103 41
104 41
105 42
108 41
123 38.25
119.75 38.25
118.5 39.75
117 37
117.25 38.25
117.75 36.75
120 36.5
122 34.5
119.25 33
121 32
121.75 31
115 30
118.5 30.75
117 34.5
116 36.5
115 32
115 31
114 30
114 31
113 31
114 32
113 32
112 32
112 33
113 33
114 33
114 34
113 34
113 36
112 35
110 39
111 37
110 37
108 38
109 39
109 40
108 40
107 41
106 40
106 39
104 40
104 39
105 39
106 38
107 38
109 37
108 36
107 37
107 36
108 34
109 34
109 32
110 35
110 31
110 32
110 33
111 36
111 34
111 33
111 32
111 31
117 29
118 28
117 28
116 27
116 28
116 29
115 29
113 30
113 29
112 30
111 30
112 29
112 28
114 28
115 28
116 26
115 27
115 26
114 25
115 25
115 24
116 25
116 24
117 22
117 23
117 24
117 26
118 27
118 26
118 24
118 20
119 20
120 18
120 20
120 21
120 22
119 21
119 22
119 23
119 24
118 25
119 25
119 26
120 25
120 24.25
120 23
121 21
121 23
122 23
121 24
122 22
123 22
122 21
123 21
123 20
122 20
121 20
121 19
121 18
122 19
122 18
123 19
124 18
124 19
124 20
125 23
125 21
126 21
125 20
126 22
127 23
128 22
129 22
131 24
130 23
129 23
128 23
132 24
133 24
134 25
134 26
133 25
133 26
132 25
132 26
130 25
129 25
128 24
127 24
128 25
125 25
123.75 26
124.75 27
125.865 26.3397
128 28.5
126.25 33.25
126 32.5
125.25 29.25
123.25 32
126.75 33.75
124.75 37.5
126.75 40.25
124.25 40.5
128 35.75
128.25 35.75
127.75 34.75
127.75 33.75
131.5 31.75
129.75 33.5
129.25 39.25
130.461 39.9515
134 41
131.75 38.5
132 35.75
133.5 32
134 29
131 27
130.75 30
128.25 30
131 26
132 27
133 27
134 27
136 37
137 36
138 35
138 37
137 38
136 38
136 39
137 39
135 40
136 40
137 40
137 41
138 41
138 40
138 39
139 37
139 38
139 39
139 40
140 40
140 39
140 38
140 37
141 36
140 36
139 36
139 35
138 34
140 35
141 35
141 34
141 33
142 32
142 30
141 30
141 31
141 32
140 34
140 32
139 34
139 33
134.527 32.5269
136 30
137 30
139 31
140 31
137 29
136 29
135 29
135 28
135 27
135 26
135 25
136 26
137 27
137 28
138 29
138 30
139 29
140 29
141 29
138 28
123.92 52.1491
