-125 -187
-199 -157
-200 -105
-128 -32
-68 -53
-17 -117
8 -152
4 -205
30 -219
71 -215
121 -206
138 -183
147 -168
161 -139
164 -109
166 -78
177 -49
190 -41
216 -32
228 -32
241 -29
252 -32
267 -6
264 23
257 31
230 43
211 43
167 42
138 36
117 26
90 7
77 -10
66 -32
53 -48
-7 -69
-29 -75
-66 -59
-117 -53
-134 -41
-157 -55
-186 -87
-203 -118
-206 -124
-202 -130
-169 -159
-184 -104
-160 -82
-140 -96
-144 -137
-132 -141
-153 -183
-66 -209
-26 -207
-8 -213
51 -214
71 -211
77 -183
33 -176
-40 -184
-111 -182
-121 -155
-99 -123
-76 -145
-73 -153
-40 -157
-11 -156
0 -129
-44 -101
-71 -90
-115 -96
-70 -78
-50 -89
-19 -99
20 -76
39 -61
65 -66
67 -85
66 -110
48 -118
50 -127
70 -151
109 -154
113 -139
127 -126
130 -107
111 -86
103 -85
93 -69
99 -49
111 -13
131 -13
135 -37
137 -46
140 -105
142 -105
138 -79
132 -57
144 -16
158 -3
173 -1
191 -10
207 -9
215 43
182 33
166 29
130 22
109 9
98 -1
