-83 -169
-111 -120
-161 -113
-125 -96
-70 -96
-150 -43
-32 -13
-29 -62
-40 -69
-14 -76
-53 -115
-21 -127
-177 -130
-154 -135
-83 -149
-73 -129
-86 -121
-100 -117
-121 -126
-156 -87
-169 -122
-143 -80
-136 -53
-154 -52
-120 -19
-122 -14
-79 -14
-95 -29
-119 -58
-70 -65
-89 -71
-14 -87
-8 -58
-43 -55
-43 -42
35 -49
0 -50
53 -72
31 -74
55 -87
44 -112
-2 -123
-10 -108
-14 -103
-66 -123
-69 -162
-59 -127
-50 -136
-38 -143
12 -132
-179 -138
-160 -138
-170 -137
-186 -135
-125 -136
-102 -136
-118 -141
-107 -147
-96 -151
-87 -163
-82 -164
-78 -171
-74 -167
-72 -161
-72 -145
-79 -157
-82 -139
-88 -154
-94 -143
-111 -132
-96 -125
-88 -134
-75 -116
-74 -108
-87 -106
-102 -107
-114 -104
-126 -114
-132 -102
-142 -110
-134 -122
-142 -123
-131 -128
-170 -134
-149 -129
-161 -125
-154 -120
-151 -110
-157 -99
-156 -73
-146 -93
-129 -82
-116 -72
-126 -68
-144 -54
-145 -65
-155 -63
-155 -47
-154 -40
-140 -34
-150 -30
-143 -21
-129 -15
-131 -27
-116 -32
-125 -43
-136 -45
-110 -49
-109 -28
-108 -16
-115 -15
-95 -15
-86 -28
-108 -36
-91 -39
-78 -39
-73 -74
-81 -51
-83 -63
-95 -54
-103 -59
-111 -86
-105 -97
-102 -76
-93 -90
-81 -86
-60 -81
-57 -68
-52 -57
-25 -73
-24 -51
-32 -41
-48 -34
-60 -44
-68 -32
-71 -24
-59 -24
-49 -22
-64 -12
-47 -12
-40 -12
-38 -17
-30 -25
-41 -29
-21 -32
-13 -49
-15 -40
-16 -29
-19 -19
-11 -36
0 -39
10 -42
23 -44
15 -53
48 -59
27 -59
15 -61
3 -60
-13 -59
-14 -69
23 -67
34 -67
36 -83
44 -77
44 -89
45 -99
56 -103
55 -118
21 -121
8 -118
31 -114
36 -103
37 -92
-14 -96
-26 -100
-30 -83
-41 -97
-46 -86
-57 -102
-41 -111
-31 -115
-16 -120
-1 -111
-42 -126
-52 -149
-62 -150
-64 -141
-68 -155
-71 -171
-66 -169
-65 -156
-64 -165
-61 -157
17 -143
7 -140
-29 -133
-2 -131
-9 -123
38 -124
49 -130
25 -132
40 -139
29 -143
-60 -152
