-104 -233
-177 -180
-257 -156
-276 -87
-163 -85
-41 29
-32 20
-60 -28
-94 -159
-49 -231
-122 -260
-97 -287
-92 -235
-72 -170
-170 -171
-210 -173
-214 -151
-219 -119
-152 -113
-166 -106
-143 -32
-128 -25
-110 -36
-141 -49
-91 -61
-40 -81
-42 -76
-51 -63
-1 71
-26 27
24 -106
1 -126
73 -174
-22 -168
-49 -194
-71 -131
-72 -265
-48 -233
-36 -210
-34 -216
-195 -236
-195 -206
-227 -181
-188 -204
-184 -210
-172 -235
-171 -271
-157 -281
-136 -234
-92 -242
-91 -222
-92 -219
-134 -216
-164 -188
-169 -202
-210 -178
-203 -158
-196 -175
-92 -149
-105 -133
-168 -136
-189 -146
-233 -136
-242 -168
-237 -171
-219 -173
-278 -165
-275 -159
-284 -159
-268 -142
-282 -125
-260 -130
-229 -130
-160 -123
-233 -107
-264 -117
-275 -125
-262 -101
-257 -73
-259 -68
-246 -62
-189 68
-191 -86
-229 -88
-241 -101
-159 23
-159 56
-147 56
-147 78
-138 91
-96 42
-121 27
-142 23
-91 -43
-127 16
-146 -71
-150 -4
-157 -83
-150 -77
-127 -110
-122 -92
-53 -121
-42 -140
-30 -136
-52 -32
-68 -61
-80 -43
-87 -18
-67 22
-76 41
-49 53
-64 59
-27 91
-46 75
-41 75
-38 62
-7 47
-13 57
12 76
10 91
16 68
58 -78
67 -84
57 -102
79 -125
49 -113
34 -115
11 -122
2 -140
7 -135
73 -136
74 -139
52 -143
49 -163
45 -195
29 -196
11 -190
18 -186
25 -167
-39 -165
-59 -163
-61 -148
-68 -163
-50 -167
-50 -169
-17 -181
-10 -171
-68 -226
-72 -211
-82 -227
-85 -244
-78 -259
-76 -285
-75 -279
-71 -283
-68 -253
-63 -249
-55 -240
-59 -218
-39 -204
-54 -213
-45 -215
-32 -231
-189 -245
-187 -251
-179 -260
-186 -231
-191 -223
-198 -231
-198 -225
-196 -219
-196 -215
-195 -214
-194 -206
-190 -193
-185 -197
-194 -200
-181 -213
-177 -241
-162 -237
-169 -221
-154 -212
-154 -219
-158 -228
-153 -243
-154 -254
-162 -251
-169 -247
-173 -250
-165 -269
-164 -261
-164 -276
-156 -266
-143 -286
-150 -285
-151 -274
-140 -268
-132 -280
-135 -289
-128 -289
-119 -290
-114 -290
-114 -281
-111 -290
-104 -262
-108 -273
-112 -273
-122 -273
-125 -248
-114 -260
-114 -252
-112 -236
-108 -221
-112 -202
-116 -219
-127 -230
-127 -204
-137 -250
-140 -258
-131 -259
-142 -261
-143 -229
-151 -208
-150 -199
-190 -187
-191 -177
-204 -174
-187 -168
-155 -168
-190 -181
-183 -192
-154 -183
-140 -185
-127 -181
-126 -190
-110 -180
-114 -165
-135 -164
-144 -174
-127 -162
-124 -162
-115 -152
-111 -148
-125 -142
-138 -143
-140 -152
-161 -141
-172 -154
-170 -155
-156 -156
-195 -161
-182 -158
-176 -147
-203 -141
-219 -142
-224 -152
-237 -154
-231 -171
-227 -160
-225 -172
-219 -170
-215 -179
-218 -179
-220 -180
-222 -181
-232 -181
-236 -180
-240 -180
-247 -178
-248 -164
-259 -165
-263 -174
-255 -176
-270 -169
-273 -169
-271 -166
-265 -162
-289 -153
-274 -154
-270 -155
-263 -151
-247 -146
-252 -150
-278 -146
-291 -142
-295 -130
-295 -125
-297 -121
-291 -126
-272 -133
-293 -137
-282 -138
-249 -134
-232 -129
-201 -132
-186 -133
-183 -119
-199 -120
-213 -129
-236 -117
-255 -117
-252 -111
-191 -114
-176 -109
-189 -104
-196 -108
-215 -103
-268 -109
-277 -109
-280 -109
-277 -117
-282 -115
-297 -115
-297 -108
-290 -107
-277 -97
-249 -101
-226 -97
-242 -81
-260 -85
-287 -90
-289 -96
-281 -79
-272 -78
-267 -73
-273 -72
-258 -64
-236 -65
-229 -66
-266 -68
-195 77
-198 84
-205 92
-203 96
-188 91
-178 91
-189 77
-182 60
-176 49
-217 -76
-220 -80
-224 -72
-208 -82
-199 -94
-198 -86
-184 -86
-156 13
-153 6
-143 12
-148 44
-164 32
-164 38
-170 39
-171 55
-170 75
-174 91
-162 91
-156 91
-160 69
-135 67
-154 65
-125 45
-128 55
-132 72
-125 89
-109 89
-108 74
-121 67
-111 51
-104 30
-112 40
-128 37
-130 37
-126 -6
-123 7
-110 15
-105 0
-109 -13
-108 -55
-113 -67
-128 -78
-125 -51
-125 -42
-118 -22
-143 -8
-143 -25
-146 -19
-149 -11
-142 -41
-142 -64
-141 -56
-134 -65
-142 -97
-154 -103
-165 -97
-176 -86
-172 -118
-172 -137
-170 -140
-142 -109
-142 -128
-124 -125
-129 -95
-136 -86
-114 -81
-111 -101
-113 -116
-122 -130
-97 -109
-99 -95
-96 -84
-80 -83
-94 -85
-80 -92
-89 -103
-79 -119
-78 -117
-65 -114
-52 -106
-56 -89
-62 -97
-64 -76
-73 -104
-70 -54
-54 -57
-53 -54
-51 -25
-53 -40
-54 -47
-68 -43
-81 -19
-77 -33
-82 -53
-85 -70
-99 -67
-102 -41
-102 -38
-91 -26
-99 -17
-92 -8
-77 -18
-86 3
-93 19
-99 16
-102 11
-88 62
-104 64
-95 75
-91 89
-79 69
-83 63
-79 47
-85 32
-65 38
-66 85
-76 88
-66 88
-52 88
-56 73
-59 54
-59 27
-49 21
-56 9
-71 7
-74 20
-76 -12
-66 -15
-59 -5
-50 -18
-48 -13
-47 -69
-46 -6
-23 34
-40 11
-43 2
-48 42
-38 42
-46 72
-46 77
-34 78
-33 73
-21 67
-28 53
-27 43
-9 77
-8 91
-4 91
12 91
24 83
24 81
24 79
22 77
11 63
5 59
-12 67
-15 41
1 55
35 -73
44 -74
53 -90
73 -92
36 -96
18 -94
29 -89
12 -80
22 -77
5 -84
-14 -88
-35 -84
-38 -84
-28 -88
-22 -88
-7 -89
9 -96
17 -104
-5 -107
-21 -102
-42 -99
-34 -111
-15 -115
6 -113
31 -112
61 -120
74 -109
71 -104
43 -103
82 -97
90 -109
92 -116
76 -120
93 -124
80 -128
62 -123
74 -148
82 -139
92 -135
92 -143
92 -150
90 -157
82 -164
80 -169
69 -180
72 -170
66 -169
76 -163
57 -156
45 -157
52 -173
35 -176
15 -158
38 -155
18 -155
21 -152
31 -143
38 -136
57 -142
53 -134
52 -126
40 -121
28 -134
-10 -121
11 -128
14 -142
-20 -149
-10 -137
-28 -136
-22 -121
-39 -125
-59 -135
-91 -139
-100 -129
-80 -151
-75 -140
-46 -143
-37 -149
-68 -166
-77 -166
-90 -168
-98 -160
-78 -178
-74 -178
-67 -174
-51 -179
-30 -179
-42 -177
-50 -155
-25 -154
0 -157
-12 -159
-23 -163
5 -171
-65 -185
-62 -195
-50 -244
-67 -236
-66 -203
-82 -203
-81 -193
-85 -199
-93 -187
-97 -183
-100 -193
-102 -233
-100 -219
-98 -209
-84 -223
-88 -262
-92 -251
-98 -262
-100 -249
-101 -287
-95 -287
-92 -272
-91 -291
-86 -283
-84 -283
-73 -275
-81 -271
-57 -257
-58 -259
-66 -269
-57 -273
-48 -265
-41 -260
-38 -258
-34 -242
-37 -254
-50 -248
-50 -242
-47 -223
-43 -222
-40 -217
-44 -183
-35 -195
-38 -199
-37 -204
-40 -211
-25 -185
5 -185
8 -185
-9 -182
53 -184
29 -185
38 -186
49 -186
65 -187
57 -192
22 -194
-31 -190
-34 -246
-32 -234
-30 -222
37 -196
-258 -142
-235 -144
-127 -150
-151 -143
-105 -154
66 -146
40 -146
65 -130
23 -123
2 -165
-121 -175
-102 -171
