140	21
142	21
140	22
141	22
142	22
143	22
144	22
145	22
137	23
138	23
140	23
141	23
142	23
143	23
144	23
145	23
146	23
147	23
148	23
48	24
49	24
51	24
52	24
54	24
55	24
137	24
138	24
139	24
140	24
141	24
142	24
143	24
144	24
145	24
146	24
147	24
148	24
149	24
27	25
28	25
30	25
31	25
32	25
34	25
35	25
36	25
37	25
38	25
39	25
40	25
46	25
47	25
48	25
49	25
50	25
51	25
52	25
53	25
54	25
55	25
56	25
57	25
58	25
60	25
61	25
62	25
63	25
64	25
65	25
66	25
137	25
138	25
139	25
140	25
141	25
142	25
143	25
144	25
145	25
146	25
147	25
148	25
149	25
19	26
20	26
21	26
22	26
25	26
26	26
27	26
28	26
29	26
30	26
31	26
32	26
33	26
34	26
35	26
36	26
37	26
38	26
39	26
40	26
41	26
42	26
43	26
44	26
45	26
46	26
47	26
48	26
49	26
50	26
51	26
52	26
53	26
54	26
55	26
56	26
57	26
58	26
59	26
60	26
61	26
62	26
63	26
64	26
65	26
66	26
136	26
137	26
138	26
139	26
140	26
141	26
142	26
144	26
145	26
146	26
147	26
148	26
16	27
17	27
18	27
19	27
20	27
21	27
22	27
23	27
24	27
25	27
26	27
27	27
28	27
29	27
30	27
31	27
32	27
33	27
34	27
35	27
36	27
37	27
38	27
39	27
40	27
41	27
42	27
43	27
44	27
45	27
46	27
47	27
48	27
49	27
50	27
51	27
52	27
53	27
54	27
55	27
56	27
57	27
58	27
59	27
60	27
63	27
64	27
65	27
66	27
135	27
136	27
137	27
138	27
145	27
146	27
147	27
148	27
149	27
150	27
16	28
17	28
18	28
19	28
20	28
21	28
22	28
23	28
24	28
25	28
26	28
27	28
28	28
29	28
30	28
31	28
32	28
33	28
34	28
35	28
36	28
37	28
38	28
39	28
40	28
41	28
42	28
43	28
44	28
45	28
46	28
47	28
48	28
49	28
50	28
52	28
53	28
54	28
55	28
56	28
57	28
58	28
59	28
60	28
61	28
62	28
63	28
64	28
65	28
66	28
67	28
68	28
69	28
73	28
74	28
75	28
134	28
135	28
136	28
137	28
138	28
146	28
147	28
148	28
149	28
150	28
151	28
14	29
15	29
16	29
17	29
18	29
19	29
20	29
21	29
22	29
23	29
24	29
25	29
26	29
27	29
28	29
29	29
30	29
31	29
32	29
33	29
35	29
36	29
37	29
38	29
39	29
40	29
41	29
42	29
43	29
44	29
45	29
46	29
47	29
48	29
49	29
55	29
56	29
57	29
58	29
59	29
60	29
61	29
62	29
63	29
64	29
65	29
66	29
67	29
68	29
69	29
70	29
71	29
72	29
73	29
74	29
75	29
133	29
134	29
135	29
136	29
137	29
138	29
145	29
146	29
147	29
148	29
149	29
150	29
151	29
14	30
15	30
16	30
17	30
18	30
19	30
20	30
21	30
22	30
23	30
24	30
25	30
28	30
29	30
31	30
32	30
33	30
42	30
43	30
44	30
45	30
56	30
57	30
60	30
61	30
63	30
64	30
65	30
66	30
67	30
68	30
69	30
70	30
71	30
72	30
73	30
74	30
75	30
76	30
77	30
78	30
133	30
134	30
135	30
136	30
137	30
138	30
148	30
149	30
150	30
151	30
152	30
14	31
15	31
16	31
17	31
18	31
19	31
65	31
66	31
67	31
68	31
69	31
70	31
71	31
72	31
73	31
74	31
75	31
76	31
77	31
78	31
79	31
80	31
134	31
135	31
136	31
149	31
150	31
151	31
152	31
153	31
14	32
15	32
16	32
17	32
18	32
19	32
68	32
69	32
70	32
71	32
72	32
73	32
74	32
75	32
76	32
77	32
78	32
79	32
80	32
81	32
133	32
134	32
135	32
150	32
151	32
152	32
14	33
15	33
16	33
17	33
18	33
70	33
71	33
72	33
73	33
75	33
76	33
77	33
78	33
79	33
80	33
81	33
82	33
83	33
131	33
132	33
133	33
134	33
135	33
151	33
152	33
153	33
154	33
14	34
15	34
16	34
18	34
75	34
76	34
77	34
78	34
79	34
80	34
81	34
82	34
83	34
84	34
131	34
132	34
133	34
134	34
150	34
151	34
152	34
153	34
154	34
15	35
16	35
17	35
18	35
76	35
77	35
78	35
79	35
80	35
81	35
82	35
83	35
84	35
85	35
86	35
87	35
132	35
133	35
134	35
135	35
150	35
151	35
152	35
153	35
154	35
155	35
15	36
16	36
17	36
18	36
80	36
81	36
82	36
83	36
84	36
85	36
86	36
87	36
132	36
133	36
134	36
150	36
151	36
152	36
153	36
154	36
15	37
16	37
17	37
18	37
80	37
81	37
82	37
83	37
84	37
85	37
86	37
87	37
88	37
130	37
131	37
132	37
133	37
134	37
153	37
154	37
15	38
16	38
17	38
18	38
82	38
83	38
84	38
85	38
86	38
87	38
88	38
89	38
90	38
130	38
131	38
132	38
133	38
134	38
153	38
154	38
15	39
16	39
17	39
18	39
19	39
83	39
86	39
87	39
88	39
89	39
90	39
91	39
92	39
93	39
130	39
131	39
132	39
133	39
151	39
152	39
153	39
154	39
155	39
156	39
14	40
15	40
17	40
18	40
19	40
85	40
86	40
87	40
88	40
89	40
90	40
91	40
92	40
93	40
129	40
130	40
131	40
132	40
133	40
151	40
152	40
153	40
154	40
155	40
156	40
14	41
15	41
16	41
17	41
18	41
19	41
85	41
86	41
89	41
90	41
91	41
92	41
93	41
129	41
130	41
131	41
132	41
133	41
152	41
153	41
154	41
14	42
15	42
16	42
17	42
18	42
89	42
90	42
91	42
92	42
93	42
94	42
95	42
130	42
131	42
132	42
133	42
152	42
153	42
154	42
155	42
156	42
14	43
15	43
17	43
18	43
90	43
91	43
92	43
93	43
94	43
95	43
96	43
131	43
132	43
133	43
152	43
153	43
154	43
155	43
156	43
14	44
15	44
16	44
17	44
18	44
90	44
91	44
92	44
93	44
94	44
95	44
96	44
97	44
129	44
130	44
131	44
132	44
153	44
155	44
156	44
14	45
15	45
16	45
17	45
18	45
91	45
92	45
93	45
94	45
95	45
96	45
97	45
98	45
99	45
129	45
130	45
131	45
132	45
152	45
154	45
155	45
156	45
14	46
16	46
17	46
18	46
92	46
94	46
95	46
96	46
97	46
98	46
99	46
100	46
101	46
102	46
128	46
129	46
130	46
131	46
132	46
152	46
153	46
154	46
155	46
14	47
15	47
16	47
17	47
18	47
94	47
95	47
96	47
97	47
98	47
99	47
100	47
101	47
102	47
105	47
111	47
128	47
129	47
130	47
131	47
132	47
133	47
152	47
153	47
154	47
155	47
156	47
157	47
14	48
15	48
16	48
17	48
18	48
95	48
96	48
97	48
98	48
99	48
100	48
101	48
102	48
103	48
104	48
105	48
106	48
107	48
108	48
109	48
111	48
112	48
113	48
114	48
116	48
124	48
125	48
126	48
127	48
128	48
129	48
130	48
131	48
132	48
152	48
153	48
154	48
155	48
156	48
157	48
14	49
15	49
16	49
17	49
18	49
97	49
98	49
99	49
100	49
101	49
102	49
103	49
104	49
105	49
106	49
107	49
108	49
109	49
110	49
111	49
112	49
113	49
114	49
115	49
116	49
117	49
118	49
119	49
120	49
121	49
122	49
124	49
125	49
126	49
127	49
128	49
129	49
130	49
131	49
132	49
153	49
154	49
155	49
156	49
157	49
14	50
15	50
16	50
97	50
98	50
99	50
100	50
101	50
102	50
103	50
104	50
105	50
106	50
107	50
108	50
109	50
110	50
111	50
112	50
113	50
114	50
115	50
116	50
117	50
118	50
119	50
120	50
121	50
122	50
123	50
124	50
125	50
126	50
127	50
128	50
129	50
130	50
131	50
132	50
133	50
154	50
155	50
156	50
157	50
14	51
15	51
16	51
103	51
104	51
105	51
106	51
107	51
108	51
109	51
110	51
111	51
112	51
113	51
114	51
115	51
116	51
117	51
118	51
119	51
120	51
121	51
122	51
123	51
124	51
125	51
126	51
127	51
128	51
129	51
130	51
131	51
132	51
133	51
153	51
154	51
155	51
156	51
157	51
15	52
16	52
107	52
108	52
109	52
110	52
111	52
112	52
114	52
115	52
116	52
117	52
118	52
119	52
120	52
121	52
122	52
123	52
124	52
125	52
126	52
127	52
128	52
130	52
131	52
152	52
153	52
154	52
155	52
156	52
14	53
15	53
16	53
17	53
110	53
117	53
118	53
119	53
120	53
121	53
122	53
123	53
124	53
125	53
126	53
153	53
154	53
155	53
156	53
14	54
15	54
16	54
17	54
154	54
155	54
156	54
157	54
14	55
15	55
16	55
17	55
153	55
154	55
155	55
156	55
157	55
158	55
14	56
15	56
16	56
17	56
18	56
115	56
117	56
118	56
120	56
121	56
122	56
123	56
124	56
125	56
126	56
127	56
153	56
154	56
156	56
157	56
15	57
16	57
17	57
18	57
110	57
114	57
115	57
116	57
117	57
118	57
119	57
120	57
121	57
122	57
123	57
124	57
125	57
126	57
127	57
129	57
130	57
153	57
154	57
155	57
15	58
16	58
17	58
107	58
108	58
109	58
110	58
111	58
112	58
113	58
114	58
115	58
116	58
117	58
118	58
119	58
120	58
121	58
122	58
123	58
124	58
125	58
126	58
127	58
129	58
130	58
153	58
154	58
155	58
156	58
15	59
16	59
17	59
104	59
105	59
106	59
107	59
108	59
109	59
110	59
111	59
112	59
113	59
114	59
115	59
116	59
117	59
118	59
119	59
120	59
121	59
122	59
123	59
124	59
125	59
126	59
127	59
128	59
129	59
130	59
131	59
132	59
153	59
154	59
155	59
156	59
157	59
14	60
15	60
16	60
17	60
104	60
105	60
106	60
107	60
108	60
109	60
110	60
111	60
112	60
113	60
114	60
115	60
116	60
117	60
118	60
119	60
120	60
121	60
122	60
123	60
124	60
125	60
126	60
127	60
128	60
129	60
130	60
131	60
152	60
153	60
154	60
155	60
156	60
157	60
14	61
15	61
16	61
17	61
18	61
100	61
102	61
103	61
104	61
105	61
106	61
107	61
108	61
109	61
110	61
111	61
112	61
113	61
114	61
115	61
116	61
118	61
119	61
120	61
121	61
122	61
124	61
125	61
126	61
127	61
128	61
130	61
131	61
152	61
153	61
154	61
155	61
156	61
157	61
14	62
15	62
16	62
17	62
18	62
97	62
98	62
99	62
100	62
101	62
102	62
103	62
104	62
105	62
106	62
107	62
108	62
109	62
110	62
111	62
114	62
115	62
119	62
120	62
128	62
129	62
130	62
131	62
132	62
153	62
154	62
155	62
156	62
157	62
158	62
15	63
16	63
17	63
18	63
19	63
95	63
97	63
98	63
99	63
100	63
101	63
102	63
103	63
104	63
105	63
106	63
107	63
108	63
109	63
110	63
128	63
129	63
130	63
131	63
132	63
152	63
153	63
155	63
15	64
16	64
17	64
18	64
94	64
95	64
97	64
98	64
99	64
100	64
101	64
102	64
103	64
129	64
130	64
131	64
132	64
133	64
153	64
154	64
155	64
156	64
14	65
15	65
16	65
17	65
18	65
94	65
95	65
96	65
97	65
98	65
99	65
100	65
128	65
129	65
130	65
131	65
132	65
133	65
153	65
154	65
155	65
156	65
14	66
15	66
16	66
18	66
19	66
94	66
95	66
96	66
97	66
98	66
99	66
129	66
131	66
132	66
133	66
152	66
153	66
154	66
155	66
156	66
15	67
16	67
17	67
18	67
19	67
91	67
92	67
93	67
94	67
95	67
96	67
97	67
98	67
129	67
130	67
131	67
132	67
133	67
134	67
153	67
154	67
155	67
156	67
15	68
16	68
17	68
18	68
19	68
91	68
92	68
93	68
94	68
96	68
97	68
129	68
130	68
131	68
132	68
133	68
134	68
152	68
153	68
154	68
155	68
156	68
15	69
16	69
17	69
18	69
87	69
90	69
91	69
92	69
93	69
94	69
130	69
131	69
132	69
133	69
134	69
152	69
153	69
154	69
155	69
16	70
17	70
18	70
19	70
87	70
88	70
89	70
90	70
91	70
92	70
93	70
94	70
130	70
131	70
132	70
133	70
134	70
135	70
152	70
153	70
154	70
155	70
15	71
16	71
17	71
18	71
19	71
87	71
88	71
89	71
90	71
92	71
93	71
131	71
132	71
133	71
134	71
135	71
152	71
153	71
154	71
15	72
16	72
17	72
18	72
19	72
84	72
85	72
86	72
87	72
88	72
89	72
90	72
91	72
92	72
93	72
132	72
133	72
134	72
135	72
151	72
152	72
153	72
154	72
155	72
14	73
15	73
16	73
18	73
19	73
84	73
85	73
86	73
87	73
88	73
89	73
90	73
131	73
132	73
133	73
134	73
135	73
151	73
152	73
154	73
155	73
15	74
16	74
17	74
18	74
19	74
83	74
84	74
85	74
86	74
87	74
88	74
89	74
131	74
132	74
133	74
134	74
135	74
151	74
152	74
153	74
154	74
155	74
14	75
15	75
16	75
17	75
18	75
80	75
82	75
83	75
84	75
85	75
86	75
87	75
88	75
89	75
132	75
133	75
134	75
135	75
152	75
153	75
154	75
155	75
14	76
15	76
16	76
17	76
18	76
77	76
78	76
80	76
81	76
82	76
83	76
84	76
85	76
86	76
87	76
88	76
132	76
133	76
134	76
135	76
136	76
148	76
149	76
152	76
153	76
154	76
15	77
16	77
17	77
18	77
77	77
78	77
79	77
80	77
81	77
82	77
83	77
84	77
85	77
133	77
134	77
135	77
136	77
137	77
138	77
148	77
149	77
150	77
151	77
152	77
153	77
14	78
15	78
16	78
17	78
73	78
74	78
75	78
76	78
77	78
78	78
79	78
80	78
81	78
82	78
83	78
84	78
85	78
133	78
134	78
135	78
136	78
137	78
138	78
147	78
148	78
149	78
150	78
151	78
152	78
153	78
14	79
15	79
16	79
17	79
18	79
72	79
73	79
74	79
75	79
76	79
77	79
78	79
79	79
80	79
81	79
82	79
83	79
133	79
134	79
135	79
136	79
137	79
138	79
147	79
148	79
149	79
150	79
151	79
152	79
153	79
15	80
16	80
17	80
18	80
68	80
69	80
70	80
71	80
72	80
73	80
74	80
75	80
76	80
77	80
78	80
79	80
80	80
81	80
82	80
83	80
134	80
135	80
136	80
137	80
138	80
139	80
148	80
149	80
150	80
151	80
152	80
15	81
16	81
17	81
18	81
22	81
23	81
24	81
68	81
69	81
70	81
71	81
72	81
73	81
74	81
75	81
76	81
77	81
78	81
79	81
80	81
135	81
136	81
137	81
138	81
139	81
140	81
147	81
148	81
149	81
150	81
152	81
15	82
16	82
17	82
18	82
19	82
20	82
21	82
22	82
23	82
24	82
26	82
27	82
28	82
29	82
30	82
31	82
34	82
35	82
36	82
55	82
56	82
59	82
60	82
61	82
62	82
63	82
64	82
65	82
66	82
67	82
68	82
69	82
70	82
71	82
72	82
73	82
74	82
75	82
76	82
135	82
136	82
137	82
138	82
139	82
144	82
145	82
147	82
148	82
149	82
150	82
152	82
16	83
17	83
18	83
19	83
20	83
21	83
22	83
23	83
25	83
26	83
27	83
28	83
29	83
30	83
31	83
32	83
33	83
34	83
35	83
36	83
37	83
39	83
40	83
41	83
44	83
45	83
46	83
47	83
48	83
52	83
53	83
54	83
55	83
56	83
57	83
58	83
59	83
60	83
61	83
62	83
63	83
64	83
65	83
66	83
67	83
68	83
69	83
70	83
71	83
72	83
73	83
74	83
75	83
136	83
137	83
138	83
139	83
140	83
141	83
142	83
144	83
145	83
146	83
147	83
148	83
149	83
150	83
151	83
17	84
18	84
19	84
20	84
21	84
22	84
23	84
24	84
25	84
26	84
27	84
28	84
29	84
30	84
31	84
32	84
33	84
35	84
36	84
37	84
38	84
39	84
40	84
41	84
43	84
44	84
45	84
46	84
47	84
48	84
49	84
50	84
51	84
52	84
53	84
54	84
55	84
56	84
57	84
58	84
59	84
60	84
61	84
62	84
63	84
64	84
65	84
66	84
67	84
68	84
69	84
70	84
71	84
137	84
138	84
139	84
140	84
141	84
142	84
143	84
144	84
145	84
146	84
147	84
148	84
149	84
150	84
151	84
17	85
18	85
19	85
20	85
21	85
22	85
23	85
24	85
25	85
26	85
27	85
28	85
29	85
30	85
31	85
32	85
33	85
34	85
35	85
36	85
37	85
38	85
39	85
40	85
41	85
42	85
43	85
44	85
45	85
46	85
47	85
48	85
49	85
50	85
51	85
52	85
53	85
54	85
55	85
56	85
57	85
58	85
59	85
60	85
61	85
62	85
63	85
64	85
65	85
66	85
67	85
68	85
69	85
70	85
71	85
139	85
140	85
141	85
142	85
143	85
144	85
145	85
146	85
147	85
148	85
17	86
18	86
19	86
20	86
21	86
22	86
24	86
25	86
26	86
27	86
28	86
29	86
30	86
31	86
32	86
33	86
34	86
35	86
36	86
37	86
38	86
39	86
40	86
41	86
42	86
43	86
44	86
45	86
46	86
47	86
48	86
49	86
50	86
51	86
52	86
53	86
54	86
55	86
56	86
57	86
58	86
59	86
60	86
61	86
62	86
63	86
64	86
65	86
66	86
67	86
69	86
70	86
139	86
140	86
141	86
142	86
143	86
144	86
145	86
146	86
147	86
148	86
24	87
25	87
28	87
30	87
35	87
37	87
38	87
39	87
40	87
41	87
42	87
44	87
45	87
46	87
47	87
48	87
49	87
50	87
51	87
52	87
53	87
54	87
55	87
56	87
57	87
58	87
59	87
61	87
62	87
64	87
65	87
66	87
67	87
139	87
140	87
142	87
143	87
144	87
145	87
146	87
45	88
46	88
47	88
48	88
49	88
142	88
145	88