174 316
413 334
556 387
636 455
665 507
300 548
822 627
875 619
791 618
694 597
764 172
748 99
163 96
209 106
274 224
304 235
303 287
255 286
243 240
222 302
187 261
166 359
170 444
129 462
155 481
127 562
287 630
269 617
232 496
359 361
196 357
625 329
498 355
571 360
421 363
851 640
794 568
636 496
696 495
675 456
707 206
497 310
479 217
429 281
396 272
636 190
651 137
723 129
783 93
924 76
132 73
131 127
134 182
158 223
206 230
204 188
166 180
164 143
185 126
220 75
251 67
256 99
273 128
294 95
294 152
262 195
246 148
232 202
214 154
359 297
440 241
463 304
473 273
477 333
447 330
387 311
382 341
336 312
326 357
269 350
310 320
275 320
275 261
143 254
219 271
166 284
140 337
223 343
131 382
181 390
208 418
221 386
202 449
190 479
161 515
159 422
129 508
158 554
146 586
175 596
129 616
163 635
209 621
232 596
201 565
190 534
220 531
267 496
247 547
269 578
238 640
297 600
276 529
299 506
310 468
279 462
369 418
328 422
295 433
265 414
247 441
265 383
304 382
355 392
398 384
464 371
506 396
607 377
637 363
659 360
701 396
671 406
628 410
587 426
546 422
620 477
577 480
623 520
684 532
669 565
728 581
702 557
726 496
705 459
692 428
762 592
817 597
740 615
756 641
936 644
909 627
891 589
856 582
829 561
842 529
818 511
809 532
775 524
735 548
735 462
736 434
760 498
766 466
794 485
636 250
677 227
631 225
659 212
590 198
599 235
595 288
581 319
598 346
556 271
552 302
528 356
528 325
504 275
493 245
503 194
525 210
533 239
571 223
681 149
665 177
611 166
553 192
548 163
598 125
635 111
668 111
698 65
700 100
735 71
773 124
751 150
701 175
734 177
805 143
832 127
834 100
881 93
868 81
294.156 192.333
131.522 289.914
800.445 79.196
